﻿ID,Area,Longitude,Latitude,mc_x,mc_y
0,向阳街道_110111004000,115.945986,39.741341,12908578.490443511,4801865.47052514
1,向阳街道_110111004000,115.946533,39.741498,12908639.905053824,4801886.849259119
2,向阳街道_110111004000,115.946091,39.740902,12908590.230232086,4801801.933623182
3,向阳街道_110111004000,115.946484,39.741234,12908634.363788584,4801848.871607766
4,向阳街道_110111004000,115.947594,39.744592,12908759.113356955,4802330.644891973
5,向阳街道_110111004000,115.947211,39.744254,12908716.112236956,4802282.772701922
6,向阳街道_110111004000,115.94688,39.743884,12908678.942429494,4802230.151930537
7,向阳街道_110111004000,115.946549,39.743513,12908641.801634701,4802177.454383202
8,向阳街道_110111004000,115.946274,39.743118,12908610.887671784,4802121.131678934
9,向阳街道_110111004000,115.946204,39.74294,12908603.042361746,4802095.610268958
10,向阳街道_110111004000,115.946375,39.742509,12908622.200025313,4802033.035888351
11,向阳街道_110111004000,115.946436,39.742353,12908629.03084982,4802010.419977192
12,向阳街道_110111004000,115.946487,39.74164,12908634.715178758,4801907.431644689
13,向阳街道_110111004000,115.946421,39.742087,12908627.349555964,4801972.039685613
14,向阳街道_110111004000,115.946436,39.742353,12908629.03084982,4802010.419977192
15,向阳街道_110111004000,115.946976,39.742525,12908689.654021136,4802033.973057137
16,向阳街道_110111004000,115.947502,39.742719,12908748.696248617,4802060.6985813845
17,向阳街道_110111004000,115.946487,39.74164,12908634.715178758,4801907.431644689
18,向阳街道_110111004000,115.946552,39.741504,12908642.032224352,4801887.660525903
19,向阳街道_110111004000,115.946624,39.741367,12908650.078343278,4801867.75516474
20,向阳街道_110111004000,115.946624,39.741367,12908650.078343278,4801867.75516474
21,向阳街道_110111004000,115.946912,39.740975,12908682.390099907,4801810.510478937
22,向阳街道_110111004000,115.947211,39.740588,12908715.916173939,4801753.982713868
23,向阳街道_110111004000,115.949489,39.741589,12908971.649536824,4801893.211444894
24,向阳街道_110111004000,115.948907,39.741562,12908906.332779909,4801890.6189316735
25,向阳街道_110111004000,115.948327,39.741518,12908841.22485394,4801885.568560768
26,向阳街道_110111004000,115.947747,39.74147,12908776.144414619,4801880.0192150595
27,向阳街道_110111004000,115.947166,39.741431,12908710.910031596,4801875.695148569
28,向阳街道_110111004000,115.946703,39.739913,12908658.852657141,4801657.84780595
29,向阳街道_110111004000,115.947284,39.739931,12908724.057521252,4801659.075707336
30,向阳街道_110111004000,115.947244,39.733181,12908719.052386263,4800685.513397956
31,向阳街道_110111004000,115.947783,39.733013,12908779.531435391,4800660.057480975
32,向阳街道_110111004000,115.948325,39.732847,12908840.342659734,4800634.87559979
33,向阳街道_110111004000,115.948867,39.732681,12908901.151389416,4800609.702745922
34,向阳街道_110111004000,115.94941,39.732516,12908962.10929084,4800584.653987939
35,向阳街道_110111004000,115.949963,39.732374,12909024.129259882,4800562.957404138
36,向阳街道_110111004000,115.947314,39.739935,12908727.46067132,4801659.583917931
37,向阳街道_110111004000,115.947624,39.739663,12908762.235575449,4801619.618554511
38,向阳街道_110111004000,115.947431,39.740311,12908740.60476502,4801713.545113389
39,向阳街道_110111004000,115.947971,39.740481,12908801.226477422,4801736.836657326
40,向阳街道_110111004000,115.94855,39.74053,12908866.184676642,4801742.549122349
41,向阳街道_110111004000,115.94913,39.740569,12908931.291452803,4801746.899635774
42,向阳街道_110111004000,115.949855,39.742894,12909012.800571568,4802080.628895051
43,向阳街道_110111004000,115.949273,39.742862,12908947.455604775,4802077.324766379
44,向阳街道_110111004000,115.948691,39.742835,12908882.168199984,4802074.697010823
45,向阳街道_110111004000,115.948112,39.742782,12908817.18073718,4802068.39595546
46,向阳街道_110111004000,115.948696,39.739209,12908882.493266098,4801551.72278247
47,向阳街道_110111004000,115.948222,39.739469,12908829.309637627,4801590.2609629845
48,向阳街道_110111004000,115.947689,39.739648,12908769.496312197,4801617.338637283
49,向阳街道_110111004000,115.947594,39.744592,12908759.113356955,4802330.644891973
50,向阳街道_110111004000,115.949471,39.744632,12908969.745467195,4802332.180695897
51,向阳街道_110111004000,115.948895,39.744562,12908905.12672378,4802323.391339117
52,向阳街道_110111004000,115.948318,39.744497,12908840.353115384,4802315.282049938
53,向阳街道_110111004000,115.947746,39.744574,12908776.157672184,4802327.70934131
54,向阳街道_110111004000,115.949674,39.739336,12908992.29114655,4801567.824653127
55,向阳街道_110111004000,115.949116,39.739215,12908929.643523084,4801551.630792759
56,向阳街道_110111004000,115.949449,39.734412,12908966.635416035,4800858.067080475
57,向阳街道_110111004000,115.949328,39.734849,12908953.088941826,4800921.401074982
58,向阳街道_110111004000,115.949348,39.7353,12908955.370020606,4800986.3736473
59,向阳街道_110111004000,115.94937,39.73575,12908957.89318228,4801051.223419768
60,向阳街道_110111004000,115.949389,39.7362,12908960.050910475,4801116.120577469
61,向阳街道_110111004000,115.949405,39.73665,12908961.873530831,4801180.986174246
62,向阳街道_110111004000,115.949418,39.7371,12908963.391425746,4801245.858636504
63,向阳街道_110111004000,115.949449,39.734412,12908966.635416035,4800858.067080475
64,向阳街道_110111004000,115.950017,39.734327,12909030.361726489,4800844.588319461
65,向阳街道_110111004000,115.95059,39.734245,12909094.661692256,4800831.462632486
66,向阳街道_110111004000,115.949324,39.743463,12908953.217033058,4802163.892369803
67,向阳街道_110111004000,115.949489,39.741589,12908971.649536824,4801893.211444894
68,向阳街道_110111004000,115.949544,39.741141,12908977.797263796,4801828.479932965
69,向阳街道_110111004000,115.949497,39.740696,12908972.491355112,4801764.358123472
70,向阳街道_110111004000,115.949861,39.740012,12909013.286631504,4801664.929037036
71,向阳街道_110111004000,115.949579,39.740406,12908981.682412015,4801722.367244842
72,向阳街道_110111004000,115.949489,39.741589,12908971.649536824,4801893.211444894
73,向阳街道_110111004000,115.949871,39.74193,12909014.526777128,4801941.545110549
74,向阳街道_110111004000,115.94989,39.744874,12909016.806866594,4802366.139978549
75,向阳街道_110111004000,115.949861,39.740012,12909013.286631504,4801664.929037036
76,向阳街道_110111004000,115.949738,39.739574,12908999.472868163,4801602.014310514
77,向阳街道_110111004000,115.951073,39.695027,12909144.814779282,4795174.862191996
78,向阳街道_110111004000,115.950626,39.695306,12909094.64660192,4795216.077127236
79,向阳街道_110111004000,115.949861,39.740012,12909013.286631504,4801664.929037036
80,向阳街道_110111004000,115.95044,39.740063,12909078.29512915,4801670.993465277
81,向阳街道_110111004000,115.949842,39.743247,12909011.354243627,4802131.560923535
82,向阳街道_110111004000,115.949893,39.742963,12909017.05577172,4802090.471079066
83,向阳街道_110111004000,115.950494,39.700378,12909080.196385305,4795947.520284674
84,向阳街道_110111004000,115.951076,39.700375,12909145.470765358,4795945.810738862
85,向阳街道_110111004000,115.951642,39.700483,12909209.016494626,4795960.187381577
86,向阳街道_110111004000,115.952208,39.700591,12909272.52735739,4795974.5427656025
87,向阳街道_110111004000,115.949855,39.742894,12909012.800571568,4802080.628895051
88,向阳街道_110111004000,115.949962,39.742018,12909024.737042164,4801954.071173365
89,向阳街道_110111004000,115.949916,39.742467,12909019.62030918,4802018.895922258
90,向阳街道_110111004000,115.949893,39.742963,12909017.05577172,4802090.471079066
91,向阳街道_110111004000,115.950474,39.743006,12909082.275633039,4802095.4360647
92,向阳街道_110111004000,115.951055,39.743049,12909147.461009184,4802100.338884759
93,向阳街道_110111004000,115.94989,39.744874,12909016.806866594,4802366.139978549
94,向阳街道_110111004000,115.950461,39.744957,12909080.903309973,4802376.880803738
95,向阳街道_110111004000,115.951032,39.744881,12909144.961762585,4802364.671899324
96,向阳街道_110111004000,115.949962,39.742018,12909024.737042164,4801954.071173365
97,向阳街道_110111004000,115.950427,39.741745,12909076.943323927,4801913.629585728
98,向阳街道_110111004000,115.950876,39.74451,12909127.457312895,4802311.496151489
99,向阳街道_110111004000,115.950555,39.744134,12909091.392478062,4802257.94868095
100,向阳街道_110111004000,115.950244,39.743753,12909056.479746148,4802203.676039192
101,向阳街道_110111004000,115.950175,39.732345,12909047.942287879,4800558.318530034
102,向阳街道_110111004000,115.950649,39.732404,12909101.104892666,4800565.8259600215
103,向阳街道_110111004000,115.951132,39.732657,12909155.343916113,4800601.215561941
104,向阳街道_110111004000,115.950649,39.732404,12909101.104892666,4800565.8259600215
105,向阳街道_110111004000,115.950678,39.731962,12909104.317470156,4800501.983389134
106,向阳街道_110111004000,115.950136,39.732128,12909043.51930779,4800527.117976917
107,向阳街道_110111004000,115.949611,39.732323,12908984.6035726,4800556.409184224
108,向阳街道_110111004000,115.949089,39.732524,12908926.049849587,4800586.563820555
109,向阳街道_110111004000,115.948571,39.732724,12908867.948994735,4800616.561419993
110,向阳街道_110111004000,115.94803,39.732893,12908807.230288452,4800642.167603587
111,向阳街道_110111004000,115.947487,39.733057,12908746.326555518,4800667.082161013
112,向阳街道_110111004000,115.946992,39.733234,12908690.7694125,4800693.758023827
113,向阳街道_110111004000,115.94731,39.733611,12908726.50046118,4800747.391779435
114,向阳街道_110111004000,115.947656,39.733972,12908765.388900042,4800798.686005399
115,向阳街道_110111004000,115.948096,39.734251,12908814.781867102,4800837.887857507
116,向阳街道_110111004000,115.94867,39.734317,12908879.225748986,4800846.118319561
117,向阳街道_110111004000,115.949232,39.734398,12908942.270414606,4800856.5430523325
118,向阳街道_110111004000,115.94932,39.734832,12908952.206681801,4800918.95616983
119,向阳街道_110111004000,115.949344,39.735282,12908954.913041575,4800983.801771792
120,向阳街道_110111004000,115.949363,39.735732,12908957.10207197,4801048.659074124
121,向阳街道_110111004000,115.949368,39.736183,12908957.71059047,4801113.747647328
122,向阳街道_110111004000,115.949374,39.736633,12908958.40921354,4801178.59944554
123,向阳街道_110111004000,115.949379,39.737084,12908958.98547405,4801243.649614566
124,向阳街道_110111004000,115.949355,39.737533,12908956.340483176,4801308.45940231
125,向阳街道_110111004000,115.949211,39.737966,12908940.20520996,4801371.226346034
126,向阳街道_110111004000,115.94902,39.73838,12908918.812045487,4801431.413580937
127,向阳街道_110111004000,115.9487,39.738755,12908882.924007244,4801486.21957906
128,向阳街道_110111004000,115.948285,39.739067,12908836.367042009,4801532.1569943
129,向阳街道_110111004000,115.947808,39.739326,12908782.847791117,4801570.591374002
130,向阳街道_110111004000,115.947319,39.739571,12908727.988981578,4801607.067488392
131,向阳街道_110111004000,115.94683,39.739817,12908673.128414202,4801643.666599589
132,向阳街道_110111004000,115.946372,39.740093,12908621.731619393,4801684.532583417
133,向阳街道_110111004000,115.94599,39.740432,12908578.874779578,4801734.357770171
134,向阳街道_110111004000,115.945696,39.740815,12908545.894095998,4801790.292253955
135,向阳街道_110111004000,115.945514,39.74124,12908525.493871655,4801852.036837854
136,向阳街道_110111004000,115.945422,39.741684,12908515.211809073,4801916.244565865
137,向阳街道_110111004000,115.945085,39.742025,12908477.395094069,4801966.229753959
138,向阳街道_110111004000,115.944663,39.742336,12908430.035170082,4802012.096659019
139,向阳街道_110111004000,115.944242,39.742647,12908382.826429496,4802057.92164548
140,向阳街道_110111004000,115.944631,39.742899,12908426.500184927,4802093.3609974375
141,向阳街道_110111004000,115.945104,39.743161,12908479.593401505,4802130.067075405
142,向阳街道_110111004000,115.945541,39.743459,12908528.64562465,4802172.033564351
143,向阳街道_110111004000,115.945941,39.743783,12908573.534792533,4802217.815902743
144,向阳街道_110111004000,115.946264,39.744158,12908609.825279118,4802271.155779416
145,向阳街道_110111004000,115.946515,39.744506,12908638.001160456,4802320.734432129
146,向阳街道_110111004000,115.946841,39.744873,12908674.592956979,4802372.935701441
147,向阳街道_110111004000,115.947401,39.744986,12908737.489955526,4802387.950743176
148,向阳街道_110111004000,115.947949,39.745079,12908798.986845888,4802400.110333637
149,向阳街道_110111004000,115.948364,39.745396,12908845.568967601,4802444.856409775
150,向阳街道_110111004000,115.948778,39.745713,12908892.05797175,4802489.648963198
151,向阳街道_110111004000,115.949196,39.746026,12908938.970107911,4802533.850817989
152,向阳街道_110111004000,115.949693,39.746261,12908994.74920478,4802566.631623984
153,向阳街道_110111004000,115.950192,39.746494,12909050.737960773,4802599.143753634
154,向阳街道_110111004000,115.950692,39.746727,12909106.845024312,4802631.664053255
155,向阳街道_110111004000,115.951192,39.74696,12909162.979029713,4802664.195441228
156,向阳街道_110111004000,115.951733,39.747103,12909223.694486212,4802683.651641707
157,向阳街道_110111004000,115.95231,39.747174,12909288.443964247,4802692.709212988
158,向阳街道_110111004000,115.952886,39.747244,12909353.066824134,4802701.632149338
159,向阳街道_110111004000,115.953463,39.747315,12909417.836057566,4802710.689799836
160,向阳街道_110111004000,115.954043,39.747361,12909482.902866319,4802716.16380331
161,向阳街道_110111004000,115.954624,39.747403,12909548.054544268,4802721.111531363
162,向阳街道_110111004000,115.955205,39.747446,12909613.230075635,4802726.200578754
163,向阳街道_110111004000,115.955786,39.747488,12909678.398766058,4802731.158900926
164,向阳街道_110111004000,115.956367,39.74753,12909743.560316933,4802736.183285687
165,向阳街道_110111004000,115.956948,39.747573,12909808.744775293,4802741.391694607
166,向阳街道_110111004000,115.957529,39.747615,12909873.860790618,4802746.434812526
167,向阳街道_110111004000,115.958018,39.747728,12909928.684896642,4802761.976631514
168,向阳街道_110111004000,115.958073,39.748176,12909934.87635302,4802826.499389732
169,向阳街道_110111004000,115.958059,39.748618,12909933.30022178,4802890.25761606
170,向阳街道_110111004000,115.957867,39.749044,12909911.790777035,4802952.017398413
171,向阳街道_110111004000,115.957748,39.749441,12909898.471218526,4803009.488443617
172,向阳街道_110111004000,115.958034,39.749833,12909930.537583463,4803065.5746307885
173,向阳街道_110111004000,115.95832,39.750226,12909962.570715504,4803121.786203649
174,向阳街道_110111004000,115.958606,39.750619,12909994.66159213,4803178.004354566
175,向阳街道_110111004000,115.959146,39.750774,12910055.172270473,4803199.565259583
176,向阳街道_110111004000,115.959692,39.750932,12910116.403021675,4803221.4952642545
177,向阳街道_110111004000,115.960238,39.751092,12910177.595288109,4803243.808011707
178,向阳街道_110111004000,115.960782,39.751252,12910238.536671331,4803266.155334683
179,向阳街道_110111004000,115.961327,39.751411,12910299.621164821,4803288.375421052
180,向阳街道_110111004000,115.961872,39.751571,12910360.66662325,4803310.784763549
181,向阳街道_110111004000,115.962418,39.751731,12910421.854717076,4803333.225097025
182,向阳街道_110111004000,115.962963,39.751891,12910482.88219599,4803355.662132303
183,向阳街道_110111004000,115.963509,39.752051,12910544.051906185,4803378.170793932
184,向阳街道_110111004000,115.964055,39.752211,12910605.18186236,4803400.754101687
185,向阳街道_110111004000,115.9646,39.75237,12910666.211376913,4803423.178547069
186,向阳街道_110111004000,115.965146,39.75253,12910727.352268767,4803445.794409001
187,向阳街道_110111004000,115.965691,39.75269,12910788.331863021,4803468.448664082
188,向阳街道_110111004000,115.966237,39.75285,12910849.452819543,4803491.138730628
189,向阳街道_110111004000,115.966802,39.752816,12910912.65643981,4803485.876324479
190,向阳街道_110111004000,115.967373,39.752722,12910976.546524284,4803472.003410744
191,向阳街道_110111004000,115.967865,39.752518,12911031.592662053,4803442.354576568
192,向阳街道_110111004000,115.968328,39.752246,12911083.394438388,4803402.900969084
193,向阳街道_110111004000,115.968733,39.751925,12911128.685681516,4803356.475142707
194,向阳街道_110111004000,115.969015,39.751531,12911160.209924228,4803299.55148574
195,向阳街道_110111004000,115.969306,39.751145,12911192.758648796,4803243.767042653
196,向阳街道_110111004000,115.969564,39.750741,12911221.584082326,4803185.471006723
197,向阳街道_110111004000,115.969809,39.750332,12911248.985048065,4803126.408660546
198,向阳街道_110111004000,115.97002,39.749912,12911272.573187191,4803065.807893513
199,向阳街道_110111004000,115.970241,39.749495,12911297.277381241,4803005.638278134
200,向阳街道_110111004000,115.970466,39.74908,12911322.402069991,4802945.747241445
201,向阳街道_110111004000,115.970671,39.748658,12911345.347370291,4802884.8546457235
202,向阳街道_110111004000,115.970754,39.748295,12911354.596715024,4802832.471507002
203,向阳街道_110111004000,115.971022,39.747895,12911384.550788453,4802774.808200767
204,向阳街道_110111004000,115.97129,39.747495,12911414.501340136,4802717.0764008425
205,向阳街道_110111004000,115.971555,39.7471,12911444.115988765,4802660.13782036
206,向阳街道_110111004000,115.971823,39.746699,12911474.029301416,4802602.3081881795
207,向阳街道_110111004000,115.97209,39.746299,12911503.848453786,4802544.6450473005
208,向阳街道_110111004000,115.972357,39.745899,12911533.664097568,4802486.991651594
209,向阳街道_110111004000,115.972624,39.745498,12911563.506421858,4802429.191472793
210,向阳街道_110111004000,115.972891,39.745098,12911593.28484042,4802371.596780397
211,向阳街道_110111004000,115.973158,39.744697,12911623.089930989,4802313.816204044
212,向阳街道_110111004000,115.973426,39.744297,12911653.01235269,4802256.201827149
213,向阳街道_110111004000,115.973693,39.743896,12911682.810418388,4802198.440876876
214,向阳街道_110111004000,115.97396,39.743496,12911712.63521278,4802140.846219894
215,向阳街道_110111004000,115.974227,39.743095,12911742.426277826,4802083.10488589
216,向阳街道_110111004000,115.974494,39.742695,12911772.183696939,4802025.529831348
217,向阳街道_110111004000,115.974761,39.742294,12911801.967790142,4801967.808099615
218,向阳街道_110111004000,115.975028,39.741894,12911831.778647104,4801910.291827379
219,向阳街道_110111004000,115.975386,39.741547,12911871.699916316,4801860.392398582
220,向阳街道_110111004000,115.975762,39.741203,12911913.668267213,4801811.0237273
221,向阳街道_110111004000,115.976138,39.740858,12911955.600610549,4801761.517951046
222,向阳街道_110111004000,115.976514,39.740514,12911997.557414386,4801712.188165792
223,向阳街道_110111004000,115.976889,39.740169,12912039.357571986,4801662.720729252
224,向阳街道_110111004000,115.97702,39.739842,12912053.942788577,4801615.669956724
225,向阳街道_110111004000,115.976568,39.739557,12912003.514312081,4801574.180008652
226,向阳街道_110111004000,115.976116,39.739273,12911953.047891477,4801532.8744643
227,向阳街道_110111004000,115.975655,39.738997,12911901.57809474,4801492.768652438
228,向阳街道_110111004000,115.975206,39.738709,12911851.457821254,4801450.933650071
229,向阳街道_110111004000,115.974878,39.738364,12911814.821139647,4801401.042013748
230,向阳街道_110111004000,115.974924,39.737922,12911819.896872872,4801337.27668969
231,向阳街道_110111004000,115.975207,39.737528,12911851.478495209,4801280.629537377
232,向阳街道_110111004000,115.975486,39.737132,12911882.573388096,4801223.679562714
233,向阳街道_110111004000,115.975855,39.736787,12911923.717832973,4801174.118345351
234,向阳街道_110111004000,115.976251,39.736456,12911967.905440118,4801126.657943346
235,向阳街道_110111004000,115.976206,39.736138,12911962.844597897,4801080.791250384
236,向阳街道_110111004000,115.976188,39.735825,12911960.831313465,4801035.598239105
237,向阳街道_110111004000,115.976582,39.735492,12912004.740982298,4800987.842144756
238,向阳街道_110111004000,115.97696,39.73515,12912046.894138243,4800938.809782095
239,向阳街道_110111004000,115.977352,39.734816,12912090.610778553,4800890.97720243
240,向阳街道_110111004000,115.977747,39.734485,12912134.623236965,4800843.597349862
241,向阳街道_110111004000,115.978141,39.734159,12912178.539549451,4800796.942430702
242,向阳街道_110111004000,115.97852,39.733817,12912220.790206546,4800747.990957413
243,向阳街道_110111004000,115.978905,39.733478,12912263.66867629,4800699.532156444
244,向阳街道_110111004000,115.979283,39.733137,12912305.7876091,4800650.736189946
245,向阳街道_110111004000,115.97967,39.7328,12912348.896086061,4800602.553053186
246,向阳街道_110111004000,115.980069,39.732471,12912393.355846727,4800555.651785667
247,向阳街道_110111004000,115.980439,39.732128,12912434.553847523,4800506.594038681
248,向阳街道_110111004000,115.980816,39.731784,12912476.530062981,4800457.482469617
249,向阳街道_110111004000,115.981342,39.731787,12912535.13127242,4800458.652728726
250,向阳街道_110111004000,115.98175,39.73155,12912580.568939203,4800425.032037139
251,向阳街道_110111004000,115.982003,39.731145,12912608.697200386,4800367.007356832
252,向阳街道_110111004000,115.982466,39.730881,12912660.266693285,4800329.610239431
253,向阳街道_110111004000,115.982918,39.730633,12912710.565619925,4800294.573776837
254,向阳街道_110111004000,115.98316,39.730224,12912737.50820846,4800235.986443558
255,向阳街道_110111004000,115.983358,39.729808,12912759.479831135,4800176.333481188
256,向阳街道_110111004000,115.983677,39.729536,12912794.98089437,4800137.614730644
257,向阳街道_110111004000,115.984261,39.729536,12912860.003983531,4800138.620751756
258,向阳街道_110111004000,115.984844,39.729535,12912924.895879285,4800139.509240474
259,向阳街道_110111004000,115.984895,39.729127,12912930.51538466,4800080.780403718
260,向阳街道_110111004000,115.984889,39.728677,12912929.810253898,4800015.867540494
261,向阳街道_110111004000,115.984883,39.728227,12912929.104546081,4799950.9548537405
262,向阳街道_110111004000,115.984878,39.727776,12912928.488464857,4799885.887023211
263,向阳街道_110111004000,115.984872,39.727326,12912927.781674566,4799820.974721584
264,向阳街道_110111004000,115.984866,39.726875,12912927.07429845,4799755.945262813
265,向阳街道_110111004000,115.985409,39.72684,12912987.468317669,4799751.846190621
266,向阳街道_110111004000,115.985993,39.726835,12913052.48990444,4799752.305330783
267,向阳街道_110111004000,115.986413,39.726719,12913099.199925348,4799736.380426324
268,向阳街道_110111004000,115.986857,39.726832,12913148.605134876,4799753.611833537
269,向阳街道_110111004000,115.98744,39.726829,12913213.451957902,4799754.435480953
270,向阳街道_110111004000,115.988024,39.726826,12913278.43965196,4799755.258170051
271,向阳街道_110111004000,115.988363,39.726638,12913316.128062624,4799728.910086701
272,向阳街道_110111004000,115.988358,39.726187,12913315.48067195,4799663.801392905
273,向阳街道_110111004000,115.988353,39.725737,12913314.893115757,4799598.889521958
274,向阳街道_110111004000,115.988882,39.72569,12913373.728769053,4799593.326006423
275,向阳街道_110111004000,115.989466,39.725683,12913438.663641874,4799593.645855533
276,向阳街道_110111004000,115.990049,39.725677,12913503.469852839,4799594.191620531
277,向阳街道_110111004000,115.990632,39.72567,12913568.267660981,4799594.573033086
278,向阳街道_110111004000,115.991216,39.725664,12913633.207882663,4799595.183022739
279,向阳街道_110111004000,115.991799,39.725657,12913697.990021825,4799595.623712405
280,向阳街道_110111004000,115.992382,39.725649,12913762.794773687,4799596.014641762
281,向阳街道_110111004000,115.992965,39.725641,12913827.59239952,4799596.354075708
282,向阳街道_110111004000,115.993351,39.725482,12913870.440718671,4799574.445069149
283,向阳街道_110111004000,115.993357,39.725031,12913871.054536903,4799509.438280875
284,向阳街道_110111004000,115.993362,39.724581,12913871.547916232,4799444.546695634
285,向阳街道_110111004000,115.993368,39.72413,12913872.160981266,4799379.501327446
286,向阳街道_110111004000,115.99293,39.72402,12913823.486984633,4799362.485842764
287,向阳街道_110111004000,115.992346,39.724019,12913758.597833872,4799360.816138629
288,向阳街道_110111004000,115.991763,39.724018,12913693.821729833,4799359.136501606
289,向阳街道_110111004000,115.99118,39.724016,12913628.978076413,4799357.405470409
290,向阳街道_110111004000,115.990596,39.724014,12913564.096631005,4799355.663939822
291,向阳街道_110111004000,115.990013,39.724012,12913499.267285815,4799353.953789761
292,向阳街道_110111004000,115.98943,39.724009,12913434.45959845,4799352.119023782
293,向阳街道_110111004000,115.98885,39.724036,12913369.947235541,4799354.703223789
294,向阳街道_110111004000,115.988349,39.723981,12913314.227532482,4799345.609571299
295,向阳街道_110111004000,115.988396,39.723554,12913319.443894334,4799284.157763113
296,向阳街道_110111004000,115.988074,39.723351,12913283.57933078,4799254.160538551
297,向阳街道_110111004000,115.988013,39.723792,12913276.860619193,4799317.58497431
298,向阳街道_110111004000,115.98795,39.724237,12913269.871367026,4799381.670834789
299,向阳街道_110111004000,115.987399,39.724269,12913208.614925483,4799385.0958870705
300,向阳街道_110111004000,115.986816,39.724266,12913143.73673101,4799383.452838744
301,向阳街道_110111004000,115.986233,39.724262,12913078.878752662,4799381.651394521
302,向阳街道_110111004000,115.985962,39.723976,12913048.702459844,4799339.875877232
303,向阳街道_110111004000,115.985379,39.72397,12912983.829654315,4799337.895121534
304,向阳街道_110111004000,115.984858,39.723917,12912925.80342293,4799329.233816186
305,向阳街道_110111004000,115.984493,39.723743,12912885.15345069,4799303.488208892
306,向阳街道_110111004000,115.984253,39.723502,12912858.429012762,4799268.264107757
307,向阳街道_110111004000,115.984436,39.723194,12912878.743587852,4799224.189743304
308,向阳街道_110111004000,115.984436,39.722744,12912878.69498056,4799159.28855674
309,向阳街道_110111004000,115.984571,39.722381,12912893.674881179,4799107.171182855
310,向阳街道_110111004000,115.984996,39.722241,12912940.97126294,4799087.7828480285
311,向阳街道_110111004000,115.985296,39.722489,12912974.4019067,4799124.094097679
312,向阳街道_110111004000,115.985663,39.722691,12913015.286981478,4799153.945058303
313,向阳街道_110111004000,115.986246,39.722705,12913080.155764705,4799157.118025466
314,向阳街道_110111004000,115.98683,39.722719,12913145.134923788,4799160.330384576
315,向阳街道_110111004000,115.98718,39.722541,12913184.03738123,4799135.406652319
316,向阳街道_110111004000,115.9872,39.722091,12913186.214162229,4799070.5396319665
317,向阳街道_110111004000,115.987197,39.721641,12913185.8341902,4799005.634207273
318,向阳街道_110111004000,115.987178,39.721191,12913183.649387596,4798940.662676136
319,向阳街道_110111004000,115.986769,39.721048,12913138.124375455,4798919.20994966
320,向阳街道_110111004000,115.986185,39.72104,12913073.144769639,4798916.823099788
321,向阳街道_110111004000,115.985602,39.721036,12913008.276024772,4798915.14076063
322,向阳街道_110111004000,115.9851,39.720966,12912952.387940807,4798904.06887072
323,向阳街道_110111004000,115.984909,39.720667,12912931.078153763,4798860.56589441
324,向阳街道_110111004000,115.984495,39.720572,12912884.989021786,4798846.135061394
325,向阳街道_110111004000,115.983921,39.720654,12912821.092978455,4798856.901063179
326,向阳街道_110111004000,115.983356,39.720763,12912758.213186782,4798871.669141879
327,向阳街道_110111004000,115.982784,39.72085,12912694.507619275,4798883.298869902
328,向阳街道_110111004000,115.982211,39.720934,12912630.70064247,4798894.537947277
329,向阳街道_110111004000,115.981637,39.721017,12912566.762138816,4798905.660697385
330,向阳街道_110111004000,115.98135,39.720841,12912534.779879682,4798879.86390135
331,向阳街道_110111004000,115.981724,39.720627,12912576.419015182,4798849.536063835
332,向阳街道_110111004000,115.982297,39.720544,12912640.235359894,4798838.418480667
333,向阳街道_110111004000,115.982868,39.720462,12912703.830146184,4798827.496311006
334,向阳街道_110111004000,115.983436,39.72037,12912767.051842513,4798815.123845097
335,向阳街道_110111004000,115.984008,39.720281,12912830.74516824,4798803.265791291
336,向阳街道_110111004000,115.98455,39.720176,12912891.08547249,4798789.097125254
337,向阳街道_110111004000,115.984252,39.719908,12912857.855985366,4798749.920821666
338,向阳街道_110111004000,115.983675,39.719921,12912793.616788518,4798750.763279963
339,向阳街道_110111004000,115.983198,39.719685,12912740.48034326,4798715.934972178
340,向阳街道_110111004000,115.983016,39.719261,12912720.1689089,4798654.4925777605
341,向阳街道_110111004000,115.982859,39.718827,12912702.625660442,4798591.636688786
342,向阳街道_110111004000,115.982688,39.718397,12912683.546223046,4798529.354965087
343,向阳街道_110111004000,115.982525,39.717964,12912665.308766864,4798466.655628831
344,向阳街道_110111004000,115.98214,39.717822,12912622.405520275,4798445.609359499
345,向阳街道_110111004000,115.981969,39.717392,12912603.291962089,4798383.304563211
346,向阳街道_110111004000,115.981802,39.71696,12912584.629162539,4798320.773463781
347,向阳街道_110111004000,115.981625,39.716531,12912564.881367745,4798258.627490342
348,向阳街道_110111004000,115.982137,39.716381,12912621.885374611,4798237.735195973
349,向阳街道_110111004000,115.982163,39.715949,12912624.729533765,4798175.48950539
350,向阳街道_110111004000,115.981968,39.715524,12912602.966567306,4798113.903794431
351,向阳街道_110111004000,115.981748,39.715107,12912578.40194736,4798053.431386725
352,向阳街道_110111004000,115.981539,39.714687,12912555.070720477,4797992.5857226495
353,向阳街道_110111004000,115.981142,39.714685,12912510.814397555,4797991.721642957
354,向阳街道_110111004000,115.980655,39.714933,12912456.605860706,4798026.822154654
355,向阳街道_110111004000,115.980162,39.715174,12912401.695327956,4798060.931359344
356,向阳街道_110111004000,115.980096,39.714982,12912394.290730191,4798033.181696274
357,向阳街道_110111004000,115.980466,39.714635,12912435.479913378,4797983.586478564
358,向阳街道_110111004000,115.980891,39.714327,12912482.81550976,4797939.771726967
359,向阳街道_110111004000,115.980514,39.714231,12912440.800393196,4797925.424838031
360,向阳街道_110111004000,115.979995,39.714437,12912382.990104992,4797954.43635141
361,向阳街道_110111004000,115.979454,39.714605,12912322.694623826,4797978.02968672
362,向阳街道_110111004000,115.978934,39.714808,12912264.744331835,4798006.722175729
363,向阳街道_110111004000,115.978577,39.714618,12912224.92453006,4797978.911970164
364,向阳街道_110111004000,115.978488,39.714173,12912214.956290418,4797914.66762149
365,向阳街道_110111004000,115.978316,39.713745,12912195.702166839,4797852.760879295
366,向阳街道_110111004000,115.978149,39.713314,12912177.019927612,4797790.431326596
367,向阳街道_110111004000,115.977945,39.712895,12912154.236727446,4797729.846099482
368,向阳街道_110111004000,115.977749,39.71247,12912132.296196146,4797668.371305594
369,向阳街道_110111004000,115.97766,39.712026,12912122.326958178,4797604.217869727
370,向阳街道_110111004000,115.977607,39.711579,12912116.369149126,4797539.731941832
371,向阳街道_110111004000,115.977274,39.711438,12912079.193071792,4797519.116934754
372,向阳街道_110111004000,115.976738,39.711399,12912019.396292396,4797513.026393129
373,向阳街道_110111004000,115.976277,39.711143,12911967.955786712,4797475.786327635
374,向阳街道_110111004000,115.975741,39.711297,12911908.129152607,4797497.617571136
375,向阳街道_110111004000,115.975181,39.711411,12911845.661835829,4797513.695778266
376,向阳街道_110111004000,115.974634,39.711567,12911784.606435478,4797535.920124509
377,向阳街道_110111004000,115.974245,39.711886,12911741.221524453,4797581.736435543
378,向阳街道_110111004000,115.973897,39.712248,12911702.395800672,4797633.831632931
379,向阳街道_110111004000,115.973523,39.712592,12911660.694778156,4797683.285779447
380,向阳街道_110111004000,115.973121,39.712919,12911615.815438421,4797730.29868563
381,向阳街道_110111004000,115.97272,39.713246,12911571.08145563,4797777.373128182
382,向阳街道_110111004000,115.972318,39.713572,12911526.220786855,4797824.274720739
383,向阳街道_110111004000,115.971916,39.713899,12911481.3243258,4797871.394520855
384,向阳街道_110111004000,115.971516,39.714224,12911436.663712617,4797918.262313216
385,向阳街道_110111004000,115.971113,39.71455,12911391.665044459,4797965.270861708
386,向阳街道_110111004000,115.970711,39.714876,12911346.811759235,4798012.262179194
387,向阳街道_110111004000,115.970295,39.715192,12911300.319101434,4798057.874956697
388,向阳街道_110111004000,115.969871,39.715501,12911252.972903453,4798102.498748136
389,向阳街道_110111004000,115.969447,39.71581,12911205.590140767,4798147.147219972
390,向阳街道_110111004000,115.969004,39.716098,12911156.111797048,4798188.820779409
391,向阳街道_110111004000,115.968489,39.71631,12911098.511007026,4798219.582782443
392,向阳街道_110111004000,115.967974,39.716522,12911040.961422777,4798250.340537916
393,向阳街道_110111004000,115.967637,39.716805,12911003.291385109,4798291.305155073
394,向阳街道_110111004000,115.967235,39.717132,12910958.359268598,4798338.680856659
395,向阳街道_110111004000,115.966836,39.71746,12910913.754687645,4798386.192248045
396,向阳街道_110111004000,115.96643,39.717783,12910868.357195694,4798433.066512826
397,向阳街道_110111004000,115.965976,39.718053,12910817.559417224,4798472.268238193
398,向阳街道_110111004000,115.965496,39.718306,12910763.906740833,4798509.138761033
399,向阳街道_110111004000,115.965061,39.718606,12910715.218062676,4798552.75276467
400,向阳街道_110111004000,115.964744,39.718982,12910679.796897326,4798607.23638121
401,向阳街道_110111004000,115.964467,39.719375,12910648.857030688,4798664.185589587
402,向阳街道_110111004000,115.964334,39.719814,12910633.97329218,4798727.610284204
403,向阳街道_110111004000,115.964124,39.720231,12910610.514260594,4798787.92910028
404,向阳街道_110111004000,115.963903,39.720648,12910585.842049414,4798848.267924319
405,向阳街道_110111004000,115.963366,39.720574,12910525.698129123,4798838.123487353
406,向阳街道_110111004000,115.963024,39.7207,12910487.414349435,4798856.679743174
407,向阳街道_110111004000,115.963012,39.721149,12910486.13050113,4798921.439907437
408,向阳街道_110111004000,115.963312,39.721375,12910519.756969554,4798953.719171066
409,向阳街道_110111004000,115.963313,39.721823,12910519.927217266,4799018.343944025
410,向阳街道_110111004000,115.963128,39.72225,12910499.249584526,4799080.140905435
411,向阳街道_110111004000,115.962942,39.722677,12910478.479780657,4799141.9042089535
412,向阳街道_110111004000,115.962757,39.723104,12910457.79964846,4799203.709737093
413,向阳街道_110111004000,115.962571,39.723532,12910436.997116089,4799265.63845599
414,向阳街道_110111004000,115.962386,39.723959,12910416.344722612,4799327.4520075
415,向阳街道_110111004000,115.962161,39.724362,12910391.203024844,4799385.849120886
416,向阳街道_110111004000,115.961678,39.724614,12910337.097469859,4799422.7891026
417,向阳街道_110111004000,115.961175,39.724842,12910280.769428356,4799456.266386184
418,向阳街道_110111004000,115.960672,39.72507,12910224.43411296,4799489.849342285
419,向阳街道_110111004000,115.960169,39.725298,12910168.1219117,4799523.419548403
420,向阳街道_110111004000,115.959666,39.725526,12910111.74204132,4799557.016938716
421,向阳街道_110111004000,115.959163,39.725755,12910055.38574287,4799590.795960007
422,向阳街道_110111004000,115.95866,39.725983,12909999.052967558,4799624.442957531
423,向阳街道_110111004000,115.958157,39.726211,12909942.652998269,4799658.11529936
424,向阳街道_110111004000,115.957654,39.726439,12909886.277009882,4799691.8107711915
425,向阳街道_110111004000,115.957146,39.726661,12909829.378433073,4799724.71699443
426,向阳街道_110111004000,115.95663,39.72687,12909771.501334826,4799755.746884425
427,向阳街道_110111004000,115.956521,39.727237,12909759.338805994,4799808.8667609
428,向阳街道_110111004000,115.956616,39.727681,12909770.065189011,4799872.750409287
429,向阳街道_110111004000,115.9567,39.728127,12909779.486170052,4799936.932998606
430,向阳街道_110111004000,115.956768,39.728574,12909787.176864749,4800001.304743437
431,向阳街道_110111004000,115.956669,39.729002,12909776.14165597,4800063.166616216
432,向阳街道_110111004000,115.956389,39.729394,12909744.769534837,4800120.244649529
433,向阳街道_110111004000,115.955951,39.729685,12909695.661247898,4800162.955725097
434,向阳街道_110111004000,115.955414,39.729854,12909635.488693776,4800188.33042719
435,向阳街道_110111004000,115.95484,39.729934,12909571.112668851,4800200.9390008
436,向阳街道_110111004000,115.954283,39.730066,12909508.61726888,4800221.045611342
437,向阳街道_110111004000,115.953824,39.730307,12909457.147472857,4800256.71502428
438,向阳街道_110111004000,115.953473,39.730665,12909417.799470063,4800309.049273346
439,向阳街道_110111004000,115.952935,39.730839,12909357.480151946,4800335.226068019
440,向阳街道_110111004000,115.952373,39.730959,12909294.418010293,4800353.693433649
441,向阳街道_110111004000,115.95188,39.731187,12909239.135400567,4800387.622029065
442,向阳街道_110111004000,115.951516,39.731538,12909198.316955041,4800439.012084647
443,向阳街道_110111004000,115.951097,39.731833,12909151.325631041,4800482.484600012
444,向阳街道_110111004000,115.950651,39.736588,12909101.694630848,4801169.338226289
445,向阳街道_110111004000,115.951233,39.736616,12909167.030954856,4801172.091046722
446,向阳街道_110111004000,115.951809,39.73657,12909231.659286113,4801164.234529537
447,向阳街道_110111004000,115.950703,39.741582,12909107.889054371,4801889.510616429
448,向阳街道_110111004000,115.950854,39.741149,12909124.819596611,4801826.735698996
449,向阳街道_110111004000,115.950906,39.740701,12909130.600916374,4801762.015447917
450,向阳街道_110111004000,115.950955,39.740252,12909136.077343533,4801697.106329876
451,向阳街道_110111004000,115.950825,39.73421,12909121.054715738,4800825.912213982
452,向阳街道_110111004000,115.951208,39.73455,12909164.059491955,4800874.148866678
453,向阳街道_110111004000,115.950825,39.73421,12909121.054715738,4800825.912213982
454,向阳街道_110111004000,115.95086,39.73376,12909124.937954905,4800760.920317737
455,向阳街道_110111004000,115.950998,39.733325,12909140.394075325,4800697.90470827
456,向阳街道_110111004000,115.951068,39.74487,12909149.001194589,4802362.979401866
457,向阳街道_110111004000,115.951476,39.733579,12909194.053020747,4800733.510905334
458,向阳街道_110111004000,115.951093,39.733239,12909151.01789239,4800685.2698507495
459,向阳街道_110111004000,115.951301,39.732739,12909174.333889624,4800612.733992929
460,向阳街道_110111004000,115.951087,39.733157,12909150.343016295,4800673.430091841
461,向阳街道_110111004000,115.95096,39.740211,12909136.622082386,4801691.186691855
462,向阳街道_110111004000,115.95153,39.740127,12909200.613735138,4801677.8976275455
463,向阳街道_110111004000,115.952111,39.740164,12909265.791154945,4801681.971219482
464,向阳街道_110111004000,115.951068,39.74487,12909149.001194589,4802362.979401866
465,向阳街道_110111004000,115.951301,39.732739,12909174.333889624,4800612.733992929
466,向阳街道_110111004000,115.951629,39.734679,12909211.298076754,4800891.823776131
467,向阳街道_110111004000,115.951191,39.743056,12909162.739051586,4802101.061200938
468,向阳街道_110111004000,115.951602,39.74274,12909208.833453668,4802054.636801196
469,向阳街道_110111004000,115.951425,39.744938,12909189.064663524,4802372.043014757
470,向阳街道_110111004000,115.951995,39.745035,12909253.028575912,4802384.863654591
471,向阳街道_110111004000,115.952565,39.74513,12909316.987571545,4802397.350345781
472,向阳街道_110111004000,115.9521,39.734751,12909264.148269758,4800901.25017679
473,向阳街道_110111004000,115.951694,39.733904,12909218.527817184,4800779.890567126
474,向阳街道_110111004000,115.951657,39.734354,12909214.401736995,4800844.8862362625
475,向阳街道_110111004000,115.952639,39.73341,12909324.50806293,4800706.695004905
476,向阳街道_110111004000,115.952243,39.733079,12909280.052585836,4800659.750963272
477,向阳街道_110111004000,115.951836,39.732757,12909234.349863274,4800614.172971772
478,向阳街道_110111004000,115.951733,39.732584,12909222.764174623,4800589.422591289
479,向阳街道_110111004000,115.951733,39.732584,12909222.764174623,4800589.422591289
480,向阳街道_110111004000,115.951791,39.732136,12909229.256191202,4800524.689292547
481,向阳街道_110111004000,115.951733,39.732584,12909222.764174623,4800589.422591289
482,向阳街道_110111004000,115.952284,39.732438,12909284.585252294,4800567.20487228
483,向阳街道_110111004000,115.952833,39.732286,12909346.158188507,4800544.18823807
484,向阳街道_110111004000,115.953405,39.7322,12909410.34301873,4800530.603878218
485,向阳街道_110111004000,115.951819,39.731924,12909232.36627112,4800494.066673895
486,向阳街道_110111004000,115.951978,39.731491,12909250.156200334,4800431.281977272
487,向阳街道_110111004000,115.952391,39.741701,12909297.322562018,4801903.091038136
488,向阳街道_110111004000,115.952074,39.742074,12909261.744862534,4801957.566720502
489,向阳街道_110111004000,115.9521,39.734751,12909264.148269758,4800901.25017679
490,向阳街道_110111004000,115.952458,39.734116,12909304.27804053,4800808.923465389
491,向阳街道_110111004000,115.952268,39.73454,12909282.991733314,4800870.448483411
492,向阳街道_110111004000,115.952193,39.734881,12909274.605031235,4800919.8061333345
493,向阳街道_110111004000,115.952179,39.735332,12909273.05881476,4800984.863092888
494,向阳街道_110111004000,115.952213,39.73578,12909276.947607785,4801049.412781023
495,向阳街道_110111004000,115.953641,39.70197,12909433.437301347,4796170.443776587
496,向阳街道_110111004000,115.953068,39.701889,12909369.12062471,4796159.927468427
497,向阳街道_110111004000,115.952307,39.736372,12909287.526412876,4801134.594787229
498,向阳街道_110111004000,115.952788,39.736623,12909341.506754056,4801169.837360043
499,向阳街道_110111004000,115.953352,39.736728,12909404.79534839,4801183.852181114
500,向阳街道_110111004000,115.953932,39.736766,12909469.86536967,4801188.187565854
501,向阳街道_110111004000,115.954511,39.736819,12909534.839174692,4801194.66046432
502,向阳街道_110111004000,115.952307,39.736372,12909287.526412876,4801134.594787229
503,向阳街道_110111004000,115.952639,39.73341,12909324.50806293,4800706.695004905
504,向阳街道_110111004000,115.952501,39.733848,12909309.055308158,4800770.167796337
505,向阳街道_110111004000,115.952458,39.734116,12909304.27804053,4800808.923465389
506,向阳街道_110111004000,115.953036,39.734055,12909369.106630942,4800798.911737114
507,向阳街道_110111004000,115.952542,39.740216,12909314.171048125,4801688.609732576
508,向阳街道_110111004000,115.952481,39.740664,12909307.329198655,4801753.3479785565
509,向阳街道_110111004000,115.952445,39.741113,12909303.340900324,4801818.182293528
510,向阳街道_110111004000,115.95241,39.741562,12909299.44261887,4801883.014701038
511,向阳街道_110111004000,115.952542,39.740216,12909314.171048125,4801688.609732576
512,向阳街道_110111004000,115.952512,39.740189,12909310.798895363,4801684.7687817495
513,向阳街道_110111004000,115.952584,39.739742,12909318.854357874,4801620.122285808
514,向阳街道_110111004000,115.952652,39.739295,12909326.453219496,4801555.524810468
515,向阳街道_110111004000,115.952639,39.73341,12909324.50806293,4800706.695004905
516,向阳街道_110111004000,115.953222,39.733426,12909389.917893613,4800707.788753482
517,向阳街道_110111004000,115.954951,39.740378,12909584.432946807,4801707.213572994
518,向阳街道_110111004000,115.954371,39.740334,12909519.374235539,4801701.976274035
519,向阳街道_110111004000,115.953791,39.74029,12909454.309175113,4801696.762920798
520,向阳街道_110111004000,115.953211,39.740247,12909389.238128636,4801691.689660294
521,向阳街道_110111004000,115.952629,39.74022,12909323.919253455,4801689.029541554
522,向阳街道_110111004000,115.953367,39.693913,12909402.18593152,4795009.515116726
523,向阳街道_110111004000,115.953845,39.693659,12909455.799575023,4794971.976311936
524,向阳街道_110111004000,115.953377,39.738779,12909407.744363597,4801479.606681139
525,向阳街道_110111004000,115.952837,39.73895,12909347.175097931,4801505.401065337
526,向阳街道_110111004000,115.953773,39.745751,12909452.549476743,4802484.470895116
527,向阳街道_110111004000,115.953259,39.745538,12909394.854932826,4802454.793136954
528,向阳街道_110111004000,115.952831,39.74524,12909346.840831004,4802412.643850739
529,向阳街道_110111004000,115.954257,39.701593,12909502.51342458,4796114.8777147345
530,向阳街道_110111004000,115.9538,39.701873,12909451.25324582,4796156.157337061
531,向阳街道_110111004000,115.953993,39.692236,12909472.313477984,4794766.555454122
532,向阳街道_110111004000,115.953885,39.691797,12909460.191497926,4794703.511991912
533,向阳街道_110111004000,115.953993,39.692236,12909472.313477984,4794766.555454122
534,向阳街道_110111004000,115.954536,39.6924,12909533.248375645,4794789.173038126
535,向阳街道_110111004000,115.954761,39.738741,12909563.006899681,4801471.408569411
536,向阳街道_110111004000,115.954196,39.738838,12909499.653803503,4801486.528177376
537,向阳街道_110111004000,115.953615,39.738797,12909434.465275828,4801481.754632486
538,向阳街道_110111004000,115.953432,39.742645,12909414.147041267,4802037.143106794
539,向阳街道_110111004000,115.953621,39.743067,12909435.385653462,4802097.659397794
540,向阳街道_110111004000,115.954004,39.743402,12909478.358785244,4802145.215109229
541,向阳街道_110111004000,115.953432,39.742645,12909414.147041267,4802037.143106794
542,向阳街道_110111004000,115.953744,39.733496,12909448.494832244,4800716.868783663
543,向阳街道_110111004000,115.954165,39.733805,12909495.761499275,4800760.585425805
544,向阳街道_110111004000,115.954269,39.700413,12909503.741790675,4795944.753337195
545,向阳街道_110111004000,115.954172,39.700854,12909492.901014732,4796008.514556361
546,向阳街道_110111004000,115.95417,39.701304,12909492.71805953,4796073.390875715
547,向阳街道_110111004000,115.954269,39.700413,12909503.741790675,4795944.753337195
548,向阳街道_110111004000,115.954833,39.700318,12909567.002279604,4795929.959363077
549,向阳街道_110111004000,115.955404,39.700378,12909631.05540541,4795937.540084197
550,向阳街道_110111004000,115.955599,39.701546,12909653.046452103,4796105.571396784
551,向阳街道_110111004000,115.955043,39.701671,12909590.677374719,4796124.6177243255
552,向阳街道_110111004000,115.954464,39.701646,12909525.741791178,4796122.114090341
553,向阳街道_110111004000,115.954356,39.742413,12909517.793083912,4802001.89055107
554,向阳街道_110111004000,115.953778,39.742417,12909452.973028759,4802003.59771202
555,向阳街道_110111004000,115.953906,39.730942,12909466.434850303,4800348.152537862
556,向阳街道_110111004000,115.953916,39.731389,12909467.567453116,4800412.605058038
557,向阳街道_110111004000,115.953968,39.731837,12909473.466169769,4800477.117075244
558,向阳街道_110111004000,115.953906,39.730942,12909466.434850303,4800348.152537862
559,向阳街道_110111004000,115.954476,39.730847,12909530.36475565,4800333.323012695
560,向阳街道_110111004000,115.955397,39.745791,12909634.729024023,4802487.131427177
561,向阳街道_110111004000,115.954819,39.745822,12909569.890579334,4802492.707886882
562,向阳街道_110111004000,115.954238,39.745782,12909504.710341237,4802488.026471992
563,向阳街道_110111004000,115.955232,39.692239,12909611.321770364,4794764.603968756
564,向阳街道_110111004000,115.954679,39.69238,12909549.276904548,4794785.999482153
565,向阳街道_110111004000,115.954894,39.730427,12909577.198949,4800271.983983045
566,向阳街道_110111004000,115.954316,39.730488,12909512.359766835,4800281.846208995
567,向阳街道_110111004000,115.954315,39.733879,12909512.58668344,4800770.965601158
568,向阳街道_110111004000,115.95441,39.734388,12909523.312481409,4800844.185262012
569,向阳街道_110111004000,115.954534,39.733949,12909537.182907648,4800780.643980198
570,向阳街道_110111004000,115.954356,39.742413,12909517.793083912,4802001.89055107
571,向阳街道_110111004000,115.954537,39.733938,12909537.51600214,4800779.072363797
572,向阳街道_110111004000,115.955114,39.733876,12909602.23195672,4800769.026135086
573,向阳街道_110111004000,115.955692,39.733814,12909667.032276731,4800759.003376723
574,向阳街道_110111004000,115.95627,39.733752,12909731.855951142,4800749.045621037
575,向阳街道_110111004000,115.954545,39.743904,12909539.063016828,4802216.564351417
576,向阳街道_110111004000,115.954878,39.74247,12909576.386031957,4802009.093758425
577,向阳街道_110111004000,115.954803,39.742916,12909567.962678263,4802073.540476479
578,向阳街道_110111004000,115.954636,39.743345,12909549.276717164,4802135.766243928
579,向阳街道_110111004000,115.955232,39.692239,12909611.321770364,4794764.603968756
580,向阳街道_110111004000,115.955825,39.692651,12909677.863616975,4794822.894850718
581,向阳街道_110111004000,115.955408,39.692336,12909631.084127145,4794778.292364146
582,向阳街道_110111004000,115.955257,39.692222,12909614.114054177,4794762.1256989045
583,向阳街道_110111004000,115.954545,39.743904,12909539.063016828,4802216.564351417
584,向阳街道_110111004000,115.954798,39.744309,12909567.489011044,4802274.487409278
585,向阳街道_110111004000,115.955372,39.692132,12909627.012823278,4794748.934797339
586,向阳街道_110111004000,115.955915,39.691971,12909687.926766995,4794724.736577797
587,向阳街道_110111004000,115.954761,39.738741,12909563.006899681,4801471.408569411
588,向阳街道_110111004000,115.954927,39.736969,12909581.508309165,4801215.5243069595
589,向阳街道_110111004000,115.954913,39.737419,12909579.988813879,4801280.460812226
590,向阳街道_110111004000,115.954858,39.737867,12909573.823668651,4801345.176231952
591,向阳街道_110111004000,115.954803,39.738315,12909567.687850267,4801409.891270556
592,向阳街道_110111004000,115.955007,39.730608,12909589.873902373,4800297.86829655
593,向阳街道_110111004000,115.955007,39.730608,12909589.873902373,4800297.86829655
594,向阳街道_110111004000,115.955644,39.68828,12909657.458076673,4794193.268986459
595,向阳街道_110111004000,115.955886,39.688687,12909684.591346594,4794251.497658175
596,向阳街道_110111004000,115.956222,39.689055,12909722.285790414,4794303.942801475
597,向阳街道_110111004000,115.956567,39.689418,12909760.97999455,4794355.636560032
598,向阳街道_110111004000,115.956923,39.689774,12909800.886062516,4794406.302398826
599,向阳街道_110111004000,115.957403,39.690023,12909854.746567147,4794441.366374103
600,向阳街道_110111004000,115.955644,39.68828,12909657.458076673,4794193.268986459
601,向阳街道_110111004000,115.956031,39.68795,12909700.83124477,4794144.987947078
602,向阳街道_110111004000,115.956497,39.687679,12909753.093201283,4794105.113540507
603,向阳街道_110111004000,115.956962,39.687409,12909805.229370594,4794065.416254649
604,向阳街道_110111004000,115.95604,39.730515,12909705.753330905,4800282.520383576
605,向阳街道_110111004000,115.95546,39.730567,12909640.683866406,4800291.084952954
606,向阳街道_110111004000,115.954878,39.74247,12909576.386031957,4802009.093758425
607,向阳街道_110111004000,115.954842,39.742436,12909572.316991469,4802004.283877872
608,向阳街道_110111004000,115.954913,39.74199,12909580.28375591,4801939.768064966
609,向阳街道_110111004000,115.954969,39.741542,12909586.518982906,4801875.051956092
610,向阳街道_110111004000,115.955023,39.741094,12909592.540572384,4801810.301089038
611,向阳街道_110111004000,115.955046,39.740645,12909595.100466873,4801745.501068734
612,向阳街道_110111004000,115.956484,39.736783,12909756.111146072,4801185.838956263
613,向阳街道_110111004000,115.955901,39.7368,12909690.740075702,4801189.341738146
614,向阳街道_110111004000,115.955321,39.73684,12909625.697153905,4801196.151730956
615,向阳街道_110111004000,115.954878,39.74247,12909576.386031957,4802009.093758425
616,向阳街道_110111004000,115.955461,39.74249,12909641.77145289,4802010.903606851
617,向阳街道_110111004000,115.956041,39.742535,12909706.81692724,4802016.345589939
618,向阳街道_110111004000,115.956621,39.742577,12909771.855025474,4802021.306312459
619,向阳街道_110111004000,115.957203,39.742586,12909837.157502383,4802021.634894778
620,向阳街道_110111004000,115.955501,39.745131,12909646.341166057,4802391.719650139
621,向阳街道_110111004000,115.955172,39.744759,12909609.45239521,4802338.6829257095
622,向阳街道_110111004000,115.955158,39.738989,12909607.58353203,4801506.483823926
623,向阳街道_110111004000,115.955226,39.739434,12909615.226563929,4801570.497197005
624,向阳街道_110111004000,115.955171,39.739882,12909609.087657444,4801635.249762302
625,向阳街道_110111004000,115.955002,39.74031,12909590.166963644,4801697.280452257
626,向阳街道_110111004000,115.955599,39.701546,12909653.046452103,4796105.571396784
627,向阳街道_110111004000,115.956155,39.701668,12909715.395573854,4796122.134297183
628,向阳街道_110111004000,115.956737,39.701667,12909780.67319396,4796120.993272248
629,向阳街道_110111004000,115.95729,39.701538,12909842.657458557,4796101.444164839
630,向阳街道_110111004000,115.955599,39.701546,12909653.046452103,4796105.571396784
631,向阳街道_110111004000,115.95562,39.701096,12909655.353503091,4796040.653877667
632,向阳街道_110111004000,115.955676,39.700649,12909661.607452678,4795976.091424337
633,向阳街道_110111004000,115.956569,39.700406,12909761.71508844,4795939.474757934
634,向阳街道_110111004000,115.955987,39.70043,12909696.467139227,4795943.986127831
635,向阳街道_110111004000,115.955501,39.745131,12909646.341166057,4802391.719650139
636,向阳街道_110111004000,115.955431,39.745578,12909638.519231852,4802456.346196885
637,向阳街道_110111004000,115.956234,39.691902,12909723.707888924,4794714.207367891
638,向阳街道_110111004000,115.956757,39.691707,12909782.365826193,4794685.202370015
639,向阳街道_110111004000,115.956274,39.692999,12909728.221920542,4794872.2527947845
640,向阳街道_110111004000,115.956234,39.693448,12909723.771805642,4794937.036758233
641,向阳街道_110111004000,115.956274,39.692999,12909728.221920542,4794872.2527947845
642,向阳街道_110111004000,115.956786,39.692784,12909785.603234716,4794840.37913863
643,向阳街道_110111004000,115.957229,39.692514,12909835.2707229,4794800.692301961
644,向阳街道_110111004000,115.95604,39.730515,12909705.753330905,4800282.520383576
645,向阳街道_110111004000,115.956084,39.730348,12909710.68517801,4800258.365965549
646,向阳街道_110111004000,115.957489,39.700612,12909864.897769472,4795967.624081529
647,向阳街道_110111004000,115.956933,39.700477,12909802.534577116,4795949.083868466
648,向阳街道_110111004000,115.956237,39.730175,12909727.81675068,4800233.159834678
649,向阳街道_110111004000,115.95647,39.729763,12909753.908468472,4800173.320510242
650,向阳街道_110111004000,115.957219,39.698104,12909834.472257316,4795606.483587706
651,向阳街道_110111004000,115.956884,39.697739,12909796.857848648,4795554.462556853
652,向阳街道_110111004000,115.956787,39.697398,12909785.947382327,4795505.4372241385
653,向阳街道_110111004000,115.956983,39.696975,12909807.927797804,4795444.157189425
654,向阳街道_110111004000,115.957203,39.696558,12909832.578695517,4795383.6539816605
655,向阳街道_110111004000,115.957466,39.696156,12909862.023946311,4795325.259388551
656,向阳街道_110111004000,115.957781,39.695778,12909897.324873572,4795270.286977656
657,向阳街道_110111004000,115.958095,39.695399,12909932.533104505,4795215.091254176
658,向阳街道_110111004000,115.958525,39.695097,12909980.695305485,4795170.904692121
659,向阳街道_110111004000,115.95761,39.692022,12909878.012360474,4794729.129310567
660,向阳街道_110111004000,115.957141,39.691755,12909825.395073352,4794691.451611013
661,向阳街道_110111004000,115.957062,39.687351,12909816.457176432,4794056.885998375
662,向阳街道_110111004000,115.956479,39.687361,12909751.092795234,4794059.341540791
663,向阳街道_110111004000,115.955896,39.687365,12909685.720939633,4794060.965640904
664,向阳街道_110111004000,115.955355,39.687277,12909625.01720017,4794049.2367211655
665,向阳街道_110111004000,115.954946,39.687068,12909579.1226638,4794019.922426701
666,向阳街道_110111004000,115.95487,39.687457,12909570.619257253,4794076.100791357
667,向阳街道_110111004000,115.954942,39.687902,12909578.721240457,4794140.081914613
668,向阳街道_110111004000,115.954974,39.688352,12909582.301239904,4794204.896102305
669,向阳街道_110111004000,115.955007,39.688802,12909586.003812931,4794269.669831759
670,向阳街道_110111004000,115.955053,39.689251,12909591.164595665,4794334.298670717
671,向阳街道_110111004000,115.955078,39.689697,12909593.98913354,4794398.544520053
672,向阳街道_110111004000,115.954884,39.690121,12909572.226476504,4794460.031227918
673,向阳街道_110111004000,115.954528,39.690458,12909532.309337495,4794509.257587719
674,向阳街道_110111004000,115.95405,39.690711,12909478.666663606,4794546.692696358
675,向阳街道_110111004000,115.953579,39.690962,12909425.839941116,4794583.775218604
676,向阳街道_110111004000,115.953007,39.691002,12909361.680746155,4794590.657301965
677,向阳街道_110111004000,115.952451,39.690888,12909299.306047034,4794575.396391681
678,向阳街道_110111004000,115.951907,39.690728,12909238.23204167,4794553.44117207
679,向阳街道_110111004000,115.951411,39.690492,12909182.589773396,4794520.478100419
680,向阳街道_110111004000,115.950886,39.690594,12909123.667009937,4794536.306403364
681,向阳街道_110111004000,115.950412,39.690857,12909070.483498927,4794575.279807877
682,向阳街道_110111004000,115.949922,39.691098,12909015.505163416,4794611.059155568
683,向阳街道_110111004000,115.949503,39.691408,12908968.48462125,4794656.677128609
684,向阳街道_110111004000,115.949182,39.691785,12908932.46121811,4794711.748510811
685,向阳街道_110111004000,115.948985,39.692206,12908910.382796608,4794772.880187782
686,向阳街道_110111004000,115.948815,39.692637,12908891.312865743,4794835.392181056
687,向阳街道_110111004000,115.948645,39.693067,12908872.24369745,4794897.749647145
688,向阳街道_110111004000,115.948432,39.693487,12908848.344473671,4794958.733555077
689,向阳街道_110111004000,115.94822,39.693906,12908824.59774866,4795019.638037093
690,向阳街道_110111004000,115.948184,39.694352,12908820.570233127,4795084.002425681
691,向阳街道_110111004000,115.948182,39.694802,12908820.372027293,4795148.866558857
692,向阳街道_110111004000,115.94818,39.695253,12908820.14458388,4795213.8495969605
693,向阳街道_110111004000,115.948178,39.695703,12908819.948611425,4795278.754666431
694,向阳街道_110111004000,115.948176,39.696154,12908819.78415194,4795343.777246485
695,向阳街道_110111004000,115.948174,39.696604,12908819.55996304,4795408.606641057
696,向阳街道_110111004000,115.948502,39.696814,12908856.360863023,4795438.184288871
697,向阳街道_110111004000,115.949077,39.696879,12908920.921687407,4795446.218529824
698,向阳街道_110111004000,115.949648,39.696966,12908984.99434466,4795457.481636421
699,向阳街道_110111004000,115.950214,39.69707,12909048.51761029,4795471.233128306
700,向阳街道_110111004000,115.950783,39.697149,12909112.400562178,4795481.393613304
701,向阳街道_110111004000,115.951344,39.697271,12909175.33991497,4795497.767638997
702,向阳街道_110111004000,115.951921,39.697316,12909240.093638541,4795503.014729215
703,向阳街道_110111004000,115.952501,39.697297,12909305.173541097,4795499.084979654
704,向阳街道_110111004000,115.953082,39.697304,12909370.370846836,4795498.8869768195
705,向阳街道_110111004000,115.953638,39.697358,12909432.771394467,4795505.570789203
706,向阳街道_110111004000,115.953701,39.697805,12909439.837160815,4795569.900439925
707,向阳街道_110111004000,115.953579,39.69817,12909426.162024999,4795622.731558227
708,向阳街道_110111004000,115.95307,39.698376,12909369.088118993,4795653.4745054785
709,向阳街道_110111004000,115.952598,39.698635,12909316.142927878,4795691.7711502155
710,向阳街道_110111004000,115.952026,39.698704,12909251.947426334,4795702.912473322
711,向阳街道_110111004000,115.951614,39.699004,12909205.739852984,4795747.035443727
712,向阳街道_110111004000,115.951104,39.699122,12909148.524949757,4795765.132115511
713,向阳街道_110111004000,115.950548,39.699146,12909086.167954186,4795769.748069048
714,向阳街道_110111004000,115.950298,39.699544,12909058.1237267,4795827.730992797
715,向阳街道_110111004000,115.949987,39.699922,12909023.243507944,4795882.898085204
716,向阳街道_110111004000,115.949832,39.700352,12909005.863656102,4795945.224649891
717,向阳街道_110111004000,115.949915,39.700791,12909015.217221363,4796008.284055003
718,向阳街道_110111004000,115.949891,39.701241,12909012.573429162,4796073.254848633
719,向阳街道_110111004000,115.950087,39.701636,12909034.592909133,4796129.737904452
720,向阳街道_110111004000,115.950469,39.701421,12909077.439017469,4796097.933464086
721,向阳街道_110111004000,115.950589,39.700981,12909090.896523632,4796034.248986986
722,向阳街道_110111004000,115.951146,39.700963,12909153.374908518,4796030.452430289
723,向阳街道_110111004000,115.951722,39.701032,12909218.011197831,4796039.176953346
724,向阳街道_110111004000,115.951858,39.701368,12909233.309903234,4796087.296770282
725,向阳街道_110111004000,115.951827,39.701812,12909229.87785804,4796151.383988338
726,向阳街道_110111004000,115.952,39.702242,12909249.31451866,4796212.9862844385
727,向阳街道_110111004000,115.95225,39.702645,12909277.404811935,4796270.613176221
728,向阳街道_110111004000,115.952645,39.702969,12909321.765960788,4796316.481373832
729,向阳街道_110111004000,115.953168,39.703158,12909380.447317684,4796342.664113719
730,向阳街道_110111004000,115.953747,39.703196,12909445.397856167,4796346.992825936
731,向阳街道_110111004000,115.954326,39.703143,12909510.365977827,4796338.243140037
732,向阳街道_110111004000,115.954904,39.703084,12909575.2059103,4796328.581103303
733,向阳街道_110111004000,115.955449,39.702934,12909636.329458313,4796305.954585646
734,向阳街道_110111004000,115.955954,39.70271,12909692.919366514,4796272.761628395
735,向阳街道_110111004000,115.956442,39.702464,12909747.651244126,4796236.417431037
736,向阳街道_110111004000,115.956907,39.702192,12909799.766623558,4796196.38719888
737,向阳街道_110111004000,115.957373,39.701921,12909851.99883757,4796156.530145543
738,向阳街道_110111004000,115.957899,39.701786,12909910.970786896,4796136.165335529
739,向阳街道_110111004000,115.958376,39.7017,12909964.448813701,4796122.997832996
740,向阳街道_110111004000,115.958482,39.70129,12909976.312355725,4796063.748058004
741,向阳街道_110111004000,115.958909,39.700982,12910024.157660248,4796018.675215496
742,向阳街道_110111004000,115.959334,39.700674,12910071.756089687,4795973.624435971
743,向阳街道_110111004000,115.959797,39.7004,12910123.628245523,4795933.45072661
744,向阳街道_110111004000,115.96027,39.700137,12910176.617585594,4795894.884909806
745,向阳街道_110111004000,115.960748,39.699879,12910230.177430429,4795856.998687137
746,向阳街道_110111004000,115.961224,39.69962,12910283.488628762,4795819.062342143
747,向阳街道_110111004000,115.961686,39.699345,12910335.246867744,4795778.8265938405
748,向阳街道_110111004000,115.962145,39.699067,12910386.63538619,4795738.189606675
749,向阳街道_110111004000,115.962605,39.69879,12910438.139302008,4795697.731406487
750,向阳街道_110111004000,115.963005,39.698465,12910482.908041442,4795650.462944782
751,向阳街道_110111004000,115.963399,39.698135,12910527.035894927,4795602.439363277
752,向阳街道_110111004000,115.963852,39.697851,12910577.765753374,4795561.041538721
753,向阳街道_110111004000,115.964262,39.697532,12910623.64154576,4795514.680307756
754,向阳街道_110111004000,115.96457,39.697152,12910658.091630626,4795459.630227792
755,向阳街道_110111004000,115.964857,39.696759,12910690.17665984,4795402.741195855
756,向阳街道_110111004000,115.965143,39.696367,12910722.199305225,4795345.980867365
757,向阳街道_110111004000,115.965375,39.695954,12910748.133034294,4795286.2441067565
758,向阳街道_110111004000,115.965588,39.695535,12910771.946243685,4795225.715013458
759,向阳街道_110111004000,115.965801,39.695116,12910795.758893834,4795165.153282283
760,向阳街道_110111004000,115.966014,39.694697,12910819.601278357,4795104.636849021
761,向阳街道_110111004000,115.966258,39.694663,12910846.906441083,4795099.531826656
762,向阳街道_110111004000,115.966204,39.695111,12910840.867383823,4795164.174284636
763,向阳街道_110111004000,115.966149,39.69556,12910834.738528783,4795228.897071632
764,向阳街道_110111004000,115.966509,39.695482,12910875.026697956,4795217.422983713
765,向阳街道_110111004000,115.967013,39.695667,12910931.42183795,4795243.791280589
766,向阳街道_110111004000,115.967556,39.695503,12910992.18273699,4795219.879922411
767,向阳街道_110111004000,115.968104,39.695349,12911053.478550157,4795197.410735778
768,向阳街道_110111004000,115.968663,39.69522,12911116.005184975,4795178.648184838
769,向阳街道_110111004000,115.969238,39.695167,12911180.277776016,4795170.78573284
770,向阳街道_110111004000,115.96982,39.69515,12911245.356415747,4795168.202246069
771,向阳街道_110111004000,115.970211,39.695068,12911289.045379814,4795156.338909188
772,向阳街道_110111004000,115.969743,39.6948,12911236.726137841,4795117.773964501
773,向阳街道_110111004000,115.96929,39.694517,12911186.06240573,4795077.079066883
774,向阳街道_110111004000,115.96894,39.694161,12911146.913889788,4795025.902036019
775,向阳街道_110111004000,115.968614,39.693788,12911110.423279148,4794972.222424198
776,向阳街道_110111004000,115.968319,39.693405,12911077.438802326,4794917.12593559
777,向阳街道_110111004000,115.968593,39.693033,12911108.074266246,4794863.400395242
778,向阳街道_110111004000,115.969165,39.693037,12911172.01758335,4794863.7837408595
779,向阳街道_110111004000,115.969659,39.692947,12911227.2380704,4794850.691200473
780,向阳街道_110111004000,115.969386,39.692611,12911196.71695819,4794802.343402967
781,向阳街道_110111004000,115.968845,39.692441,12911136.222870799,4794777.996734416
782,向阳街道_110111004000,115.968308,39.692266,12911076.142080441,4794752.943507357
783,向阳街道_110111004000,115.967915,39.691953,12911032.176006,4794707.988607686
784,向阳街道_110111004000,115.967623,39.692013,12910999.528717304,4794716.796006629
785,向阳街道_110111004000,115.967162,39.691971,12910947.932083156,4794710.953018818
786,向阳街道_110111004000,115.967394,39.691558,12910973.890430579,4794651.322825741
787,向阳街道_110111004000,115.967646,39.69119,12911002.087679151,4794598.133215731
788,向阳街道_110111004000,115.967174,39.690957,12910949.27865069,4794564.818063716
789,向阳街道_110111004000,115.966746,39.690751,12910901.365968648,4794535.398155494
790,向阳街道_110111004000,115.96691,39.690318,12910919.733649645,4794472.890634068
791,向阳街道_110111004000,115.967077,39.689887,12910938.373880927,4794410.65881111
792,向阳街道_110111004000,115.967244,39.689456,12910957.074759392,4794348.47003827
793,向阳街道_110111004000,115.967412,39.689024,12910975.836270183,4794286.128919566
794,向阳街道_110111004000,115.967559,39.688588,12910992.298146361,4794223.1848054845
795,向阳街道_110111004000,115.96766,39.688145,12911003.586147489,4794159.306766072
796,向阳街道_110111004000,115.967746,39.6877,12911013.18048654,4794095.131088826
797,向阳街道_110111004000,115.967873,39.68726,12911027.405015722,4794031.665467845
798,向阳街道_110111004000,115.968012,39.686823,12911042.961314661,4793968.623137913
799,向阳街道_110111004000,115.967579,39.687065,12910994.516052982,4794003.695103983
800,向阳街道_110111004000,115.967103,39.687325,12910941.2525228,4794041.411393735
801,向阳街道_110111004000,115.966626,39.687585,12910887.89082058,4794079.197192658
802,向阳街道_110111004000,115.96615,39.687845,12910834.642899323,4794116.933110667
803,向阳街道_110111004000,115.965674,39.688105,12910781.3574984,4794154.776498789
804,向阳街道_110111004000,115.965148,39.688272,12910722.463157427,4794179.222207525
805,向阳街道_110111004000,115.96473,39.687982,12910675.676033268,4794137.784603087
806,向阳街道_110111004000,115.96446,39.687586,12910645.452328954,4794080.975995098
807,向阳街道_110111004000,115.964224,39.687173,12910619.043911185,4794021.670481626
808,向阳街道_110111004000,115.963989,39.686761,12910592.725573102,4793962.488648562
809,向阳街道_110111004000,115.96369,39.686375,12910559.22635968,4793907.15295046
810,向阳街道_110111004000,115.963375,39.685996,12910523.937555095,4793852.866938204
811,向阳街道_110111004000,115.962885,39.685866,12910469.067900797,4793834.684797843
812,向阳街道_110111004000,115.962487,39.686188,12910424.517442822,4793881.50687915
813,向阳街道_110111004000,115.962186,39.686574,12910390.781664973,4793937.501621971
814,向阳街道_110111004000,115.961885,39.686959,12910357.044054069,4793993.3118302375
815,向阳街道_110111004000,115.961584,39.687345,12910323.33492161,4794049.327812201
816,向阳街道_110111004000,115.961283,39.687731,12910289.59369908,4794105.315791018
817,向阳街道_110111004000,115.960982,39.688117,12910255.911357705,4794161.3524982985
818,向阳街道_110111004000,115.960681,39.688503,12910222.166672913,4794217.361416208
819,向阳街道_110111004000,115.960379,39.688888,12910188.32934193,4794273.264759632
820,向阳街道_110111004000,115.959971,39.688672,12910142.60314935,4794242.706303821
821,向阳街道_110111004000,115.959658,39.688293,12910107.517832521,4794188.541397338
822,向阳街道_110111004000,115.959344,39.687913,12910072.30942863,4794134.232673227
823,向阳街道_110111004000,115.959103,39.687506,12910045.288708499,4794075.96831283
824,向阳街道_110111004000,115.958908,39.687081,12910023.424021976,4794015.005452951
825,向阳街道_110111004000,115.958712,39.686657,12910001.438056136,4793954.205512893
826,向阳街道_110111004000,115.958519,39.686232,12909979.816175967,4793893.247561842
827,向阳街道_110111004000,115.958367,39.685797,12909962.805553883,4793830.8077521175
828,向阳街道_110111004000,115.958214,39.685362,12909945.643757788,4793768.373608885
829,向阳街道_110111004000,115.957977,39.685083,12909919.074347658,4793728.501338489
830,向阳街道_110111004000,115.957629,39.685437,12909880.051022314,4793780.1148502575
831,向阳街道_110111004000,115.957206,39.685669,12909832.622830462,4793814.264752288
832,向阳街道_110111004000,115.95715,39.68608,12909826.334706187,4793873.591415261
833,向阳街道_110111004000,115.957143,39.686531,12909825.539082102,4793938.56489272
834,向阳街道_110111004000,115.957137,39.686981,12909824.866003461,4794003.419857703
835,向阳街道_110111004000,115.957062,39.687351,12909816.457176432,4794056.885998375
836,向阳街道_110111004000,115.957132,39.68731,12909824.316519244,4794050.841083719
837,向阳街道_110111004000,115.957132,39.68731,12909824.316519244,4794050.841083719
838,向阳街道_110111004000,115.957622,39.687068,12909879.237469241,4794015.146171542
839,向阳街道_110111004000,115.956613,39.733797,12909770.340422062,4800754.938360198
840,向阳街道_110111004000,115.958434,39.731794,12909974.339242686,4800462.956089715
841,向阳街道_110111004000,115.958044,39.732126,12909930.653103285,4800511.48048103
842,向阳街道_110111004000,115.957683,39.73248,12909890.18071695,4800563.130940478
843,向阳街道_110111004000,115.957319,39.732831,12909849.401059303,4800614.368398709
844,向阳街道_110111004000,115.956928,39.733165,12909805.612314446,4800663.207889716
845,向阳街道_110111004000,115.956587,39.73353,12909767.405947657,4800716.41683752
846,向阳街道_110111004000,115.957264,39.737039,12909843.643062161,4801221.438525899
847,向阳街道_110111004000,115.956723,39.736871,12909782.943448646,4801198.134247662
848,向阳街道_110111004000,115.956613,39.733797,12909770.340422062,4800754.938360198
849,向阳街道_110111004000,115.956973,39.734149,12909810.757842181,4800805.054625595
850,向阳街道_110111004000,115.957165,39.734573,12909832.334387558,4800865.890386125
851,向阳街道_110111004000,115.956714,39.727427,12909780.994968837,4799835.929078867
852,向阳街道_110111004000,115.956793,39.727874,12909789.900265204,4799900.239123543
853,向阳街道_110111004000,115.957032,39.729304,12909816.863340797,4800106.11874664
854,向阳街道_110111004000,115.95761,39.692022,12909878.012360474,4794729.129310567
855,向阳街道_110111004000,115.957304,39.692405,12909843.703700915,4794784.8638633825
856,向阳街道_110111004000,115.957216,39.698177,12909834.142237486,4795617.007434338
857,向阳街道_110111004000,115.95734,39.698617,12909848.062276095,4795680.215935382
858,向阳街道_110111004000,115.957219,39.698104,12909834.472257316,4795606.483587706
859,向阳街道_110111004000,115.957219,39.698104,12909834.472257316,4795606.483587706
860,向阳街道_110111004000,115.957739,39.697902,12909892.747412581,4795576.5075951135
861,向阳街道_110111004000,115.958234,39.697664,12909948.22358483,4795541.404327308
862,向阳街道_110111004000,115.956849,39.728186,12909796.242753973,4799945.15285933
863,向阳街道_110111004000,115.957032,39.729304,12909816.863340797,4800106.11874664
864,向阳街道_110111004000,115.956997,39.728854,12909812.906078681,4800041.285726439
865,向阳街道_110111004000,115.95761,39.692022,12909878.012360474,4794729.129310567
866,向阳街道_110111004000,115.957489,39.700612,12909864.897769472,4795967.624081529
867,向阳街道_110111004000,115.957812,39.687018,12909900.566719301,4794007.655188538
868,向阳街道_110111004000,115.958233,39.687324,12909947.768957807,4794051.077129925
869,向阳街道_110111004000,115.957176,39.734596,12909833.549854953,4800869.19386748
870,向阳街道_110111004000,115.957704,39.734788,12909892.790934827,4800895.98835109
871,向阳街道_110111004000,115.957738,39.700745,12909892.849705078,4795986.365801415
872,向阳街道_110111004000,115.957761,39.701194,12909895.457859766,4796051.035605067
873,向阳街道_110111004000,115.957738,39.700745,12909892.849705078,4795986.365801415
874,向阳街道_110111004000,115.958212,39.700484,12909945.954882968,4795947.976758234
875,向阳街道_110111004000,115.95875,39.700311,12910006.279530477,4795922.195427331
876,向阳街道_110111004000,115.958032,39.690284,12909925.288014043,4794477.957338976
877,向阳街道_110111004000,115.957909,39.690151,12909911.45289134,4794459.00612973
878,向阳街道_110111004000,115.958092,39.689724,12909931.988938594,4794397.159657172
879,向阳街道_110111004000,115.958445,39.689371,12909971.545658784,4794345.740080443
880,向阳街道_110111004000,115.957371,39.726577,12909854.584666343,4799712.211963542
881,向阳街道_110111004000,115.957905,39.726401,12909914.428044051,4799685.915059663
882,向阳街道_110111004000,115.957287,39.737194,12909846.20176495,4801243.732034639
883,向阳街道_110111004000,115.957608,39.736011,12909882.108119886,4801072.548043726
884,向阳街道_110111004000,115.957527,39.736457,12909873.066679016,4801137.067836249
885,向阳街道_110111004000,115.957372,39.736888,12909855.739840051,4801199.428601422
886,向阳街道_110111004000,115.957287,39.737194,12909846.20176495,4801243.732034639
887,向阳街道_110111004000,115.957291,39.737644,12909846.68510293,4801308.629709695
888,向阳街道_110111004000,115.957309,39.738094,12909848.745273288,4801373.498933141
889,向阳街道_110111004000,115.958032,39.690284,12909925.288014043,4794477.957338976
890,向阳街道_110111004000,115.958024,39.691664,12909924.394527536,4794676.90643898
891,向阳街道_110111004000,115.958024,39.691664,12909924.394527536,4794676.90643898
892,向阳街道_110111004000,115.958064,39.691215,12909928.877854941,4794612.09280776
893,向阳街道_110111004000,115.958658,39.692184,12909995.479640758,4794750.820188274
894,向阳街道_110111004000,115.958128,39.691995,12909936.079980953,4794724.434417025
895,向阳街道_110111004000,115.958174,39.690376,12909941.185403356,4794491.010777749
896,向阳街道_110111004000,115.95814,39.690825,12909937.397766544,4794555.7710501505
897,向阳街道_110111004000,115.959878,39.738399,12910136.7827096,4801413.5271610925
898,向阳街道_110111004000,115.959318,39.738516,12910073.98253672,4801431.204916819
899,向阳街道_110111004000,115.958735,39.738523,12910008.650157364,4801433.111244565
900,向阳街道_110111004000,115.958153,39.738534,12909943.430689218,4801435.59589538
901,向阳街道_110111004000,115.957574,39.738486,12909878.472564436,4801429.617422353
902,向阳街道_110111004000,115.957549,39.740678,12909875.825480836,4801745.862347785
903,向阳街道_110111004000,115.957355,39.740257,12909854.05067747,4801685.454260358
904,向阳街道_110111004000,115.957312,39.739808,12909849.173609355,4801620.75327263
905,向阳街道_110111004000,115.957268,39.739359,12909844.234791834,4801556.092635655
906,向阳街道_110111004000,115.95724,39.73891,12909841.054763202,4801491.322063471
907,向阳街道_110111004000,115.957407,39.738482,12909859.7821428,4801429.325663304
908,向阳街道_110111004000,115.958174,39.690376,12909941.185403356,4794491.010777749
909,向阳街道_110111004000,115.958753,39.690344,12910006.10125055,4794485.484991669
910,向阳街道_110111004000,115.959314,39.690222,12910069.006151423,4794467.046330986
911,向阳街道_110111004000,115.95806,39.747526,12909933.416022485,4802732.747671424
912,向阳街道_110111004000,115.958017,39.747077,12909928.557722902,4802668.045046305
913,向阳街道_110111004000,115.957974,39.746629,12909923.758912478,4802603.537057132
914,向阳街道_110111004000,115.95793,39.74618,12909918.80719038,4802538.797069874
915,向阳街道_110111004000,115.957887,39.745731,12909913.94529277,4802474.133821486
916,向阳街道_110111004000,115.957843,39.745283,12909909.02154183,4802409.589096757
917,向阳街道_110111004000,115.9578,39.744834,12909904.157259021,4802344.886902917
918,向阳街道_110111004000,115.957756,39.744385,12909899.231113797,4802280.185871687
919,向阳街道_110111004000,115.957713,39.743937,12909894.394840628,4802215.639818466
920,向阳街道_110111004000,115.957669,39.743488,12909889.436017573,4802150.978642114
921,向阳街道_110111004000,115.957626,39.743039,12909884.597374402,4802086.237166719
922,向阳街道_110111004000,115.957444,39.742615,12909864.163173506,4802025.373729336
923,向阳街道_110111004000,115.95741,39.742573,12909860.368966462,4802019.416762
924,向阳街道_110111004000,115.957536,39.742136,12909874.431019092,4801956.176329836
925,向阳街道_110111004000,115.957494,39.741687,12909869.710297717,4801891.472131442
926,向阳街道_110111004000,115.957451,39.741239,12909864.867133677,4801826.92670248
927,向阳街道_110111004000,115.9575,39.740792,12909870.369335994,4801762.352563831
928,向阳街道_110111004000,115.9578,39.735856,12909903.608306577,4801049.905813397
929,向阳街道_110111004000,115.96157,39.740535,12910326.506728927,4801719.355397343
930,向阳街道_110111004000,115.961013,39.740656,12910264.125868011,4801737.514846906
931,向阳街道_110111004000,115.960429,39.740653,12910198.668016637,4801737.875167135
932,向阳街道_110111004000,115.959846,39.74065,12910133.32201033,4801738.2692907825
933,向阳街道_110111004000,115.959263,39.740647,12910067.997153357,4801738.658434857
934,向阳街道_110111004000,115.95868,39.740644,12910002.602744618,4801739.12134965
935,向阳街道_110111004000,115.958097,39.740644,12909937.260504883,4801740.046229608
936,向阳街道_110111004000,115.9578,39.735856,12909903.608306577,4801049.905813397
937,向阳街道_110111004000,115.958339,39.736027,12909964.052358003,4801073.657814305
938,向阳街道_110111004000,115.958916,39.736061,12910028.756450286,4801077.686577803
939,向阳街道_110111004000,115.9578,39.735856,12909903.608306577,4801049.905813397
940,向阳街道_110111004000,115.957919,39.735417,12909916.926269453,4800986.369311079
941,向阳街道_110111004000,115.958134,39.734999,12909941.014357204,4800925.737512214
942,向阳街道_110111004000,115.959001,39.697477,12910034.210343735,4795513.242273217
943,向阳街道_110111004000,115.958135,39.726379,12909940.212902764,4799682.374385959
944,向阳街道_110111004000,115.958394,39.726781,12909969.285512418,4799739.969736181
945,向阳街道_110111004000,115.958559,39.727212,12909987.833115002,4799801.8579705255
946,向阳街道_110111004000,115.958724,39.727644,12910006.410020662,4799863.904967629
947,向阳街道_110111004000,115.958135,39.726379,12909940.212902764,4799682.374385959
948,向阳街道_110111004000,115.958543,39.726061,12909985.926453397,4799635.893767525
949,向阳街道_110111004000,115.959045,39.725832,12910042.169671237,4799602.086064522
950,向阳街道_110111004000,115.959551,39.725609,12910098.861784682,4799569.156412257
951,向阳街道_110111004000,115.960056,39.725384,12910155.45582841,4799535.980105759
952,向阳街道_110111004000,115.960561,39.725159,12910212.012506915,4799502.83058436
953,向阳街道_110111004000,115.961065,39.724934,12910268.471012225,4799469.670193126
954,向阳街道_110111004000,115.961589,39.72474,12910327.138272952,4799441.043781511
955,向阳街道_110111004000,115.958658,39.692184,12909995.479640758,4794750.820188274
956,向阳街道_110111004000,115.958979,39.692557,12910031.521801291,4794804.085224625
957,向阳街道_110111004000,115.958658,39.692184,12909995.479640758,4794750.820188274
958,向阳街道_110111004000,115.959177,39.691979,12910053.68207372,4794720.490400359
959,向阳街道_110111004000,115.958148,39.734958,12909942.558519667,4800919.803024849
960,向阳街道_110111004000,115.959595,39.688882,12910100.481106836,4794273.514073607
961,向阳街道_110111004000,115.959047,39.689024,12910039.03527316,4794294.804838614
962,向阳街道_110111004000,115.958887,39.694848,12910021.302588405,4795134.446698836
963,向阳街道_110111004000,115.959467,39.694894,12910086.300768323,4795140.218217007
964,向阳街道_110111004000,115.959861,39.735031,12910134.589630866,4800927.723223703
965,向阳街道_110111004000,115.959301,39.73492,12910071.83493325,4800912.537232759
966,向阳街道_110111004000,115.958721,39.734888,12910006.802855376,4800908.805583714
967,向阳街道_110111004000,115.958341,39.734832,12909964.209281083,4800901.314854646
968,向阳街道_110111004000,115.958402,39.734386,12909971.001150697,4800836.878839102
969,向阳街道_110111004000,115.958643,39.733976,12909997.967156362,4800777.381769509
970,向阳街道_110111004000,115.958902,39.733573,12910026.96377369,4800718.834415869
971,向阳街道_110111004000,115.959174,39.733176,12910057.444685657,4800661.168977585
972,向阳街道_110111004000,115.958869,39.700276,12910019.593249848,4795916.966834773
973,向阳街道_110111004000,115.959079,39.699859,12910043.10479323,4795856.514561418
974,向阳街道_110111004000,115.959204,39.699419,12910057.091319188,4795792.899995797
975,向阳街道_110111004000,115.959336,39.698981,12910071.867038082,4795729.54863052
976,向阳街道_110111004000,115.958434,39.731794,12909974.339242686,4800462.956089715
977,向阳街道_110111004000,115.959014,39.731822,12910039.375632081,4800466.084744921
978,向阳街道_110111004000,115.959322,39.697953,12910070.204999387,4795581.346650128
979,向阳街道_110111004000,115.959061,39.697552,12910040.947392358,4795523.960934753
980,向阳街道_110111004000,115.959001,39.697477,12910034.210343735,4795513.242273217
981,向阳街道_110111004000,115.959016,39.697452,12910035.877346402,4795509.617464433
982,向阳街道_110111004000,115.959477,39.697176,12910087.545368845,4795469.123556564
983,向阳街道_110111004000,115.960006,39.696999,12910146.823996361,4795442.88035586
984,向阳街道_110111004000,115.960568,39.696881,12910209.796830785,4795425.093979217
985,向阳街道_110111004000,115.961035,39.696624,12910262.114019115,4795387.40122205
986,向阳街道_110111004000,115.960077,39.690682,12910154.49932553,4794532.248585476
987,向阳街道_110111004000,115.959945,39.69112,12910139.736796618,4794595.534094826
988,向阳街道_110111004000,115.959741,39.691534,12910116.877638634,4794655.472135423
989,向阳街道_110111004000,115.959377,39.69884,12910076.438826183,4795709.14164961
990,向阳街道_110111004000,115.959366,39.69839,12910075.171121677,4795644.294663712
991,向阳街道_110111004000,115.960077,39.690682,12910154.49932553,4794532.248585476
992,向阳街道_110111004000,115.959703,39.690338,12910112.587491388,4794483.189258604
993,向阳街道_110111004000,115.959493,39.690181,12910089.02238377,4794460.857249577
994,向阳街道_110111004000,115.959726,39.689769,12910115.130992696,4794401.13842267
995,向阳街道_110111004000,115.959595,39.688882,12910100.481106836,4794273.514073607
996,向阳街道_110111004000,115.958987,39.736056,12910036.702939725,4801076.849893946
997,向阳街道_110111004000,115.959569,39.73605,12910101.970836084,4801075.115510893
998,向阳街道_110111004000,115.960685,39.729273,12910226.371130308,4800096.023673761
999,向阳街道_110111004000,115.960123,39.729157,12910163.383565387,4800080.090212524
1000,向阳街道_110111004000,115.95954,39.72915,12910098.032176873,4800079.915714071
1001,向阳街道_110111004000,115.959782,39.689693,12910121.438338324,4794390.131888502
1002,向阳街道_110111004000,115.959964,39.68927,12910141.81505982,4794328.869318649
1003,向阳街道_110111004000,115.959357,39.732955,12910077.898887442,4800629.026136401
1004,向阳街道_110111004000,115.959439,39.732886,12910087.082683215,4800618.939249852
1005,向阳街道_110111004000,115.95952,39.731935,12910096.070693815,4800481.665510012
1006,向阳街道_110111004000,115.95949,39.732382,12910092.742361806,4800546.194957521
1007,向阳街道_110111004000,115.95943,39.732827,12910086.076986426,4800610.426640523
1008,向阳街道_110111004000,115.95952,39.731935,12910096.070693815,4800481.665510012
1009,向阳街道_110111004000,115.959845,39.731566,12910132.460574517,4800427.952732262
1010,向阳街道_110111004000,115.960028,39.731139,12910152.952628322,4800366.08793875
1011,向阳街道_110111004000,115.960211,39.730711,12910173.382421771,4800304.110277085
1012,向阳街道_110111004000,115.960394,39.730284,12910193.871403603,4800242.252627727
1013,向阳街道_110111004000,115.960577,39.729857,12910214.358865865,4800180.398612295
1014,向阳街道_110111004000,115.960677,39.729416,12910225.475099247,4800116.694186804
1015,向阳街道_110111004000,115.959857,39.73604,12910134.206717072,4801073.269643552
1016,向阳街道_110111004000,115.959855,39.73559,12910133.962887252,4801008.328079531
1017,向阳街道_110111004000,115.959859,39.73514,12910134.385348227,4800943.454206723
1018,向阳街道_110111004000,115.959861,39.735031,12910134.589630866,4800927.723223703
1019,向阳街道_110111004000,115.960418,39.734906,12910196.9849338,4800908.908914022
1020,向阳街道_110111004000,115.961001,39.734887,12910262.350485107,4800905.380290976
1021,向阳街道_110111004000,115.959871,39.736051,12910135.814703787,4801074.848214467
1022,向阳街道_110111004000,115.959878,39.738399,12910136.7827096,4801413.5271610925
1023,向阳街道_110111004000,115.959877,39.737949,12910136.634847457,4801348.623239924
1024,向阳街道_110111004000,115.959874,39.737498,12910136.243320294,4801283.527538498
1025,向阳街道_110111004000,115.959871,39.737048,12910135.881232481,4801218.626973229
1026,向阳街道_110111004000,115.959868,39.736598,12910135.518193444,4801153.726414353
1027,向阳街道_110111004000,115.959871,39.736147,12910135.82131045,4801088.697920096
1028,向阳街道_110111004000,115.961235,39.735974,12910288.65142692,4801061.8800255265
1029,向阳街道_110111004000,115.960668,39.736061,12910225.11347813,4801075.18659107
1030,向阳街道_110111004000,115.960085,39.736053,12910159.801193632,4801074.82238567
1031,向阳街道_110111004000,115.959878,39.738399,12910136.7827096,4801413.5271610925
1032,向阳街道_110111004000,115.960433,39.738531,12910198.982322086,4801431.766967396
1033,向阳街道_110111004000,115.961016,39.738543,12910264.319391698,4801432.699781534
1034,向阳街道_110111004000,115.960878,39.732998,12910248.37849067,4800633.0525771845
1035,向阳街道_110111004000,115.9603,39.732986,12910183.584655384,4800632.119812332
1036,向阳街道_110111004000,115.961057,39.729071,12910268.03837752,4800066.411629734
1037,向阳街道_110111004000,115.961256,39.696451,12910286.87406671,4795362.171985298
1038,向阳街道_110111004000,115.962807,39.697879,12910460.697325146,4795566.215791021
1039,向阳街道_110111004000,115.962611,39.697455,12910438.7373215,4795505.313389886
1040,向阳街道_110111004000,115.962415,39.697031,12910416.746793078,4795444.416571309
1041,向阳街道_110111004000,115.96217,39.696648,12910389.272288684,4795389.464363354
1042,向阳街道_110111004000,115.961606,39.696535,12910326.102658505,4795373.845344159
1043,向阳街道_110111004000,115.961256,39.696451,12910286.87406671,4795362.171985298
1044,向阳街道_110111004000,115.961237,39.696002,12910284.733429782,4795297.457688465
1045,向阳街道_110111004000,115.961373,39.695571,12910299.934174951,4795235.151212463
1046,向阳街道_110111004000,115.961348,39.692103,12910296.986386001,4794735.331415111
1047,向阳街道_110111004000,115.961651,39.692487,12910330.943855938,4794790.317576022
1048,向阳街道_110111004000,115.961424,39.688565,12910305.413895408,4794225.358448163
1049,向阳街道_110111004000,115.961909,39.688815,12910359.761403736,4794260.7455758015
1050,向阳街道_110111004000,115.962392,39.689066,12910413.859910762,4794296.357881395
1051,向阳街道_110111004000,115.961048,39.733177,12910267.46229912,4800658.66922677
1052,向阳街道_110111004000,115.963583,39.694388,12910547.420667361,4795062.134687528
1053,向阳街道_110111004000,115.963224,39.694033,12910507.205777919,4795011.340507036
1054,向阳街道_110111004000,115.962754,39.693773,12910454.566481918,4794974.367450521
1055,向阳街道_110111004000,115.962201,39.693632,12910392.589668846,4794954.70914802
1056,向阳街道_110111004000,115.961645,39.693498,12910330.331236513,4794936.066604639
1057,向阳街道_110111004000,115.961057,39.729071,12910268.03837752,4800066.411629734
1058,向阳街道_110111004000,115.961615,39.729194,12910330.557144504,4800083.4247556245
1059,向阳街道_110111004000,115.962198,39.7292,12910395.874301547,4800083.610965869
1060,向阳街道_110111004000,115.962781,39.729202,12910461.180943837,4800083.248618094
1061,向阳街道_110111004000,115.963344,39.729302,12910524.274785837,4800097.037050186
1062,向阳街道_110111004000,115.961057,39.729071,12910268.03837752,4800066.411629734
1063,向阳街道_110111004000,115.96111,39.728623,12910273.906971877,4800001.733238644
1064,向阳街道_110111004000,115.96129,39.728195,12910294.055089705,4799939.781252175
1065,向阳街道_110111004000,115.961473,39.727768,12910314.504959619,4799877.9068603385
1066,向阳街道_110111004000,115.963225,39.694613,12910507.34503748,4795094.96318822
1067,向阳街道_110111004000,115.962792,39.694912,12910458.87466815,4795138.510817821
1068,向阳街道_110111004000,115.962245,39.695057,12910397.574157005,4795160.047234383
1069,向阳街道_110111004000,115.961673,39.695143,12910333.534724241,4795173.133143914
1070,向阳街道_110111004000,115.961048,39.733177,12910267.46229912,4800658.66922677
1071,向阳街道_110111004000,115.960989,39.733624,12910260.858937504,4800723.242572948
1072,向阳街道_110111004000,115.961895,39.733177,12910362.34119976,4800657.620980018
1073,向阳街道_110111004000,115.961312,39.733176,12910297.019374324,4800658.197675885
1074,向阳街道_110111004000,115.961232,39.733992,12910288.14157526,4800776.010622294
1075,向阳街道_110111004000,115.961287,39.734035,12910294.298745884,4800782.141671736
1076,向阳街道_110111004000,115.961602,39.733605,12910329.54922611,4800719.702252172
1077,向阳街道_110111004000,115.961255,39.733967,12910290.716339739,4800772.334610505
1078,向阳街道_110111004000,115.961235,39.735974,12910288.65142692,4801061.8800255265
1079,向阳街道_110111004000,115.961334,39.735533,12910299.715400668,4800998.143224913
1080,向阳街道_110111004000,115.961338,39.735083,12910300.107228352,4800933.192198099
1081,向阳街道_110111004000,115.961334,39.73488,12910299.637560189,4800903.9344743695
1082,向阳街道_110111004000,115.961331,39.734429,12910299.27023563,4800838.916234568
1083,向阳街道_110111004000,115.961992,39.690185,12910369.101544261,4794458.09344368
1084,向阳街道_110111004000,115.962395,39.69051,12910414.231283829,4794504.503594441
1085,向阳街道_110111004000,115.961342,39.734886,12910300.547415225,4800904.782022604
1086,向阳街道_110111004000,115.963624,39.734735,12910556.1555107,4800880.442156107
1087,向阳街道_110111004000,115.963065,39.734856,12910493.539521076,4800898.475711076
1088,向阳街道_110111004000,115.962482,39.734871,12910428.269516086,4800901.283503263
1089,向阳街道_110111004000,115.961899,39.734883,12910362.958732363,4800903.660889618
1090,向阳街道_110111004000,115.961361,39.738605,12910302.974500062,4801441.21124288
1091,向阳街道_110111004000,115.961468,39.738682,12910314.952582302,4801452.18895521
1092,向阳街道_110111004000,115.961556,39.739125,12910324.858986968,4801515.9752639
1093,向阳街道_110111004000,115.96156,39.739575,12910325.33759567,4801580.874550831
1094,向阳街道_110111004000,115.961563,39.740025,12910325.693936847,4801645.814661053
1095,向阳街道_110111004000,115.961567,39.740475,12910326.170466311,4801710.7138838535
1096,向阳街道_110111004000,115.961646,39.72752,12910333.8497833,4799841.951107671
1097,向阳街道_110111004000,115.962195,39.727369,12910395.332117239,4799819.5395688685
1098,向阳街道_110111004000,115.962672,39.727113,12910448.764589647,4799782.048790644
1099,向阳街道_110111004000,115.96157,39.740535,12910326.506728927,4801719.355397343
1100,向阳街道_110111004000,115.96212,39.740673,12910388.163282821,4801738.563695914
1101,向阳街道_110111004000,115.961934,39.724705,12910365.810734628,4799435.570576734
1102,向阳街道_110111004000,115.961934,39.724705,12910365.810734628,4799435.570576734
1103,向阳街道_110111004000,115.962902,39.72394,12910474.131195577,4799324.147545721
1104,向阳街道_110111004000,115.962443,39.724215,12910422.736112647,4799364.336094599
1105,向阳街道_110111004000,115.962067,39.724559,12910380.676817508,4799414.356666429
1106,向阳街道_110111004000,115.961895,39.733177,12910362.34119976,4800657.620980018
1107,向阳街道_110111004000,115.962374,39.73292,12910415.994770898,4800619.992749886
1108,向阳街道_110111004000,115.962889,39.732712,12910473.675368624,4800589.419697438
1109,向阳街道_110111004000,115.96246,39.726807,12910424.975385224,4799738.155854546
1110,向阳街道_110111004000,115.962142,39.724936,12910389.142131623,4799468.65884259
1111,向阳街道_110111004000,115.962145,39.725384,12910389.522400683,4799533.243877694
1112,向阳街道_110111004000,115.962054,39.725828,12910379.354814546,4799597.42624311
1113,向阳街道_110111004000,115.962001,39.726275,12910373.490683377,4799661.941407796
1114,向阳街道_110111004000,115.962745,39.689248,12910453.437036186,4794322.179010964
1115,向阳街道_110111004000,115.963299,39.689384,12910515.461714974,4794341.203752248
1116,向阳街道_110111004000,115.96246,39.726807,12910424.975385224,4799738.155854546
1117,向阳街道_110111004000,115.963175,39.727098,12910505.092753418,4799779.366425345
1118,向阳街道_110111004000,115.963583,39.694388,12910547.420667361,4795062.134687528
1119,向阳街道_110111004000,115.962902,39.72394,12910474.131195577,4799324.147545721
1120,向阳街道_110111004000,115.963415,39.724151,12910531.63106056,4799354.013134192
1121,向阳街道_110111004000,115.963944,39.724341,12910590.877415452,4799380.87660824
1122,向阳街道_110111004000,115.962902,39.72394,12910474.131195577,4799324.147545721
1123,向阳街道_110111004000,115.962943,39.723493,12910478.689076463,4799259.616822207
1124,向阳街道_110111004000,115.963126,39.723066,12910499.125968732,4799197.818093999
1125,向阳街道_110111004000,115.963118,39.721145,12910498.007606696,4798920.740826289
1126,向阳街道_110111004000,115.9637,39.721129,12910563.174708555,4798917.860102455
1127,向阳街道_110111004000,115.964281,39.721164,12910628.21560041,4798922.336326105
1128,向阳街道_110111004000,115.964948,39.694298,12910700.259149369,4795047.909054157
1129,向阳街道_110111004000,115.964367,39.694336,12910635.20555688,4795053.906169558
1130,向阳街道_110111004000,115.963786,39.694375,12910570.141205322,4795060.1005107695
1131,向阳街道_110111004000,115.963175,39.727098,12910505.092753418,4799779.366425345
1132,向阳街道_110111004000,115.963175,39.727098,12910505.092753418,4799779.366425345
1133,向阳街道_110111004000,115.963504,39.726727,12910541.897106845,4799725.46656589
1134,向阳街道_110111004000,115.96378,39.72633,12910572.757591432,4799667.9341182485
1135,向阳街道_110111004000,115.963285,39.722733,12910516.875296576,4799149.632091821
1136,向阳街道_110111004000,115.963853,39.722645,12910580.48662868,4799136.375102287
1137,向阳街道_110111004000,115.963285,39.722733,12910516.875296576,4799149.632091821
1138,向阳街道_110111004000,115.966071,39.727467,12910829.377104044,4799830.034646395
1139,向阳街道_110111004000,115.965488,39.727453,12910764.099876765,4799828.406522785
1140,向阳街道_110111004000,115.964905,39.727445,12910698.842356287,4799827.759440502
1141,向阳街道_110111004000,115.964323,39.727439,12910633.695108125,4799827.387463351
1142,向阳街道_110111004000,115.963752,39.727366,12910569.742134158,4799817.417769217
1143,向阳街道_110111004000,115.963352,39.722438,12910524.35712361,4799107.014326158
1144,向阳街道_110111004000,115.963915,39.722321,12910587.38851649,4799089.582831083
1145,向阳街道_110111004000,115.963314,39.732568,12910521.233684445,4800568.158038818
1146,向阳街道_110111004000,115.963294,39.73212,12910518.953863913,4800503.593722564
1147,向阳街道_110111004000,115.963637,39.731146,12910557.254858023,4800362.746831283
1148,向阳街道_110111004000,115.963454,39.731571,12910536.812231205,4800424.225187631
1149,向阳街道_110111004000,115.963267,39.731996,12910515.913472228,4800485.752399907
1150,向阳街道_110111004000,115.963314,39.732568,12910521.233684445,4800568.158038818
1151,向阳街道_110111004000,115.963567,39.732972,12910549.624865951,4800626.179451491
1152,向阳街道_110111004000,115.96363,39.733418,12910556.689596308,4800690.490642824
1153,向阳街道_110111004000,115.963653,39.733867,12910559.330573274,4800755.208055032
1154,向阳街道_110111004000,115.963658,39.734317,12910559.910750896,4800820.107051602
1155,向阳街道_110111004000,115.963637,39.731146,12910557.254858023,4800362.746831283
1156,向阳街道_110111004000,115.9635,39.730711,12910541.886356542,4800300.141854178
1157,向阳街道_110111004000,115.963493,39.730261,12910541.057749795,4800235.246677597
1158,向阳街道_110111004000,115.963486,39.729811,12910540.198190002,4800170.352016614
1159,向阳街道_110111004000,115.965616,39.729534,12910778.653534312,4800128.487671078
1160,向阳街道_110111004000,115.965113,39.729307,12910722.34151723,4800096.164276741
1161,向阳街道_110111004000,115.964549,39.729209,12910659.188463608,4800082.492556429
1162,向阳街道_110111004000,115.963968,39.729228,12910594.127872493,4800085.783021383
1163,向阳街道_110111004000,115.965504,39.731537,12910766.330251066,4800417.457742443
1164,向阳街道_110111004000,115.964937,39.73143,12910702.8512248,4800402.510343543
1165,向阳街道_110111004000,115.964383,39.731291,12910640.812734397,4800382.969451532
1166,向阳街道_110111004000,115.96383,39.731161,12910578.855969073,4800364.677461856
1167,向阳街道_110111004000,115.963624,39.734735,12910556.1555107,4800880.442156107
1168,向阳街道_110111004000,115.963637,39.734741,12910557.6101207,4800881.285190987
1169,向阳街道_110111004000,115.964184,39.734898,12910618.873715298,4800903.367608404
1170,向阳街道_110111004000,115.964063,39.724402,12910604.212377286,4799389.6003522035
1171,向阳街道_110111004000,115.963772,39.724792,12910571.688957717,4799446.125404577
1172,向阳街道_110111004000,115.963636,39.725225,12910556.496276122,4799508.708172534
1173,向阳街道_110111004000,115.963637,39.725675,12910556.664327018,4799573.609422638
1174,向阳街道_110111004000,115.96369,39.726121,12910562.64817948,4799637.892705935
1175,向阳街道_110111004000,115.963791,39.726313,12910573.997913703,4799665.4936654065
1176,向阳街道_110111004000,115.964374,39.726303,12910639.27457264,4799663.479505292
1177,向阳街道_110111004000,115.964957,39.72631,12910704.542126102,4799664.010282437
1178,向阳街道_110111004000,115.96554,39.726309,12910769.797756929,4799663.3700953275
1179,向阳街道_110111004000,115.963965,39.73664,12910594.490432726,4801154.865499085
1180,向阳街道_110111004000,115.963783,39.736213,12910574.074463679,4801093.449565267
1181,向阳街道_110111004000,115.966767,39.724728,12910906.921211364,4799434.509584157
1182,向阳街道_110111004000,115.966249,39.724523,12910848.932976475,4799405.259781171
1183,向阳街道_110111004000,115.965685,39.724411,12910785.798448784,4799389.5136486525
1184,向阳街道_110111004000,115.965103,39.72439,12910720.634086428,4799386.934436806
1185,向阳街道_110111004000,115.96452,39.724391,12910655.370118622,4799387.566919579
1186,向阳街道_110111004000,115.964876,39.688327,12910692.028491868,4794187.364428561
1187,向阳街道_110111004000,115.964864,39.688767,12910690.695202455,4794250.818253783
1188,向阳街道_110111004000,115.964922,39.689215,12910697.20664557,4794315.3218049705
1189,向阳街道_110111004000,115.964979,39.689664,12910703.567727022,4794379.984684728
1190,向阳街道_110111004000,115.96498,39.721783,12910706.574124366,4799011.013939229
1191,向阳街道_110111004000,115.964567,39.722101,12910660.363235481,4799057.250963681
1192,向阳街道_110111004000,115.964297,39.734927,12910631.537066039,4800907.486341529
1193,向阳街道_110111004000,115.964802,39.734705,12910688.06679003,4800875.007998942
1194,向阳街道_110111004000,115.965289,39.734458,12910742.557340909,4800838.982590088
1195,向阳街道_110111004000,115.965696,39.73414,12910788.07244856,4800792.785638577
1196,向阳街道_110111004000,115.964948,39.694298,12910700.259149369,4795047.909054157
1197,向阳街道_110111004000,115.965471,39.694497,12910758.8295764,4795076.149091443
1198,向阳街道_110111004000,115.966181,39.690183,12910838.12650305,4794453.8809119295
1199,向阳街道_110111004000,115.965616,39.690076,12910774.880856574,4794438.857595693
1200,向阳街道_110111004000,115.965062,39.689938,12910712.866110867,4794419.404879765
1201,向阳街道_110111004000,115.96498,39.721783,12910706.574124366,4799011.013939229
1202,向阳街道_110111004000,115.964691,39.721392,12910674.15692983,4798954.876346156
1203,向阳街道_110111004000,115.964896,39.720278,12910696.960179484,4798794.000957278
1204,向阳街道_110111004000,115.964718,39.720707,12910677.110250913,4798856.065628018
1205,向阳街道_110111004000,115.964569,39.721142,12910660.47025971,4798918.920163167
1206,向阳街道_110111004000,115.965748,39.694606,12910789.837584177,4795091.672352181
1207,向阳街道_110111004000,115.965732,39.695056,12910788.066563934,4795156.54961022
1208,向阳街道_110111004000,115.965538,39.695479,12910766.37293954,4795217.67810011
1209,向阳街道_110111004000,115.965335,39.695901,12910743.649473164,4795278.6663218355
1210,向阳街道_110111004000,115.965645,39.6921,12910778.176933093,4794730.560690508
1211,向阳街道_110111004000,115.965457,39.691684,12910757.126225466,4794670.7274416
1212,向阳街道_110111004000,115.964896,39.720278,12910696.960179484,4798794.000957278
1213,向阳街道_110111004000,115.965249,39.720637,12910736.518647932,4798845.532526208
1214,向阳街道_110111004000,115.964912,39.720227,12910698.741313847,4798786.627241737
1215,向阳街道_110111004000,115.964912,39.720227,12910698.741313847,4798786.627241737
1216,向阳街道_110111004000,115.964991,39.719633,12910707.51860171,4798700.939532396
1217,向阳街道_110111004000,115.965029,39.721791,12910712.025986448,4799012.129331222
1218,向阳街道_110111004000,115.965029,39.721791,12910712.025986448,4799012.129331222
1219,向阳街道_110111004000,115.965162,39.722229,12910727.00303349,4799075.189658659
1220,向阳街道_110111004000,115.965237,39.72179,12910735.343101682,4799011.805380015
1221,向阳街道_110111004000,115.965716,39.719903,12910788.729526922,4798739.301221724
1222,向阳街道_110111004000,115.965172,39.720066,12910727.855751242,4798763.236958754
1223,向阳街道_110111004000,115.964904,39.732912,12910699.312807579,4800616.279475677
1224,向阳街道_110111004000,115.965407,39.732684,12910755.588056935,4800583.019787328
1225,向阳街道_110111004000,115.966574,39.738192,12910886.676555296,4801376.6371439705
1226,向阳街道_110111004000,115.966071,39.737964,12910830.35818119,4801344.135381008
1227,向阳街道_110111004000,115.965568,39.737737,12910774.031111361,4801311.743896298
1228,向阳街道_110111004000,115.965065,39.73751,12910717.725700213,4801279.383737705
1229,向阳街道_110111004000,115.965237,39.72179,12910735.343101682,4799011.805380015
1230,向阳街道_110111004000,115.965679,39.722084,12910784.85149784,4799053.903686235
1231,向阳街道_110111004000,115.965237,39.72179,12910735.343101682,4799011.805380015
1232,向阳街道_110111004000,115.965748,39.694606,12910789.837584177,4795091.672352181
1233,向阳街道_110111004000,115.966287,39.694434,12910850.13809375,4795066.505407368
1234,向阳街道_110111004000,115.965424,39.732678,12910757.495172568,4800582.139570516
1235,向阳街道_110111004000,115.966021,39.733042,12910824.346194094,4800634.217252684
1236,向阳街道_110111004000,115.965586,39.732742,12910775.63749969,4800591.267233253
1237,向阳街道_110111004000,115.965504,39.731537,12910766.330251066,4800417.457742443
1238,向阳街道_110111004000,115.965463,39.731986,12910761.766707603,4800482.292271354
1239,向阳街道_110111004000,115.965457,39.732436,12910761.169031754,4800547.204024052
1240,向阳街道_110111004000,115.96553,39.731508,12910769.234512532,4800413.32042735
1241,向阳街道_110111004000,115.965616,39.729534,12910778.653534312,4800128.487671078
1242,向阳街道_110111004000,115.965616,39.729984,12910778.695512787,4800193.431415518
1243,向阳街道_110111004000,115.965616,39.730435,12910778.736898463,4800258.453548976
1244,向阳街道_110111004000,115.965613,39.730885,12910778.474766834,4800323.361476134
1245,向阳街道_110111004000,115.965557,39.731333,12910772.246982444,4800388.016421299
1246,向阳街道_110111004000,115.96934,39.73152,12911195.46278973,4800413.075858884
1247,向阳街道_110111004000,115.968757,39.731515,12911130.282365886,4800412.529843131
1248,向阳街道_110111004000,115.968174,39.731516,12911065.090496209,4800412.889773173
1249,向阳街道_110111004000,115.967592,39.731514,12911000.007545777,4800412.863240296
1250,向阳街道_110111004000,115.967009,39.731513,12910934.731403995,4800413.038940506
1251,向阳街道_110111004000,115.966426,39.731511,12910869.504078148,4800413.101560949
1252,向阳街道_110111004000,115.965842,39.731509,12910804.144182332,4800413.208707741
1253,向阳街道_110111004000,115.965716,39.719903,12910788.729526922,4798739.301221724
1254,向阳街道_110111004000,115.966132,39.720218,12910835.327319136,4798784.42546923
1255,向阳街道_110111004000,115.966566,39.720519,12910883.91551677,4798827.558879455
1256,向阳街道_110111004000,115.965716,39.719903,12910788.729526922,4798739.301221724
1257,向阳街道_110111004000,115.966129,39.719585,12910834.894151885,4798693.163894636
1258,向阳街道_110111004000,115.96571,39.721537,12910788.243275294,4798974.964185313
1259,向阳街道_110111004000,115.96627,39.721412,12910850.897712179,4798956.564047863
1260,向阳街道_110111004000,115.965616,39.729534,12910778.653534312,4800128.487671078
1261,向阳街道_110111004000,115.966039,39.729224,12910825.975803044,4800083.464535428
1262,向阳街道_110111004000,115.966539,39.722374,12910881.122131402,4799095.126948902
1263,向阳街道_110111004000,115.966206,39.726461,12910844.351603484,4799684.828108635
1264,向阳街道_110111004000,115.966018,39.726313,12910823.296506934,4799663.627177414
1265,向阳街道_110111004000,115.966031,39.725863,12910824.703372074,4799598.710253778
1266,向阳街道_110111004000,115.966163,39.725428,12910839.431673866,4799535.858454197
1267,向阳街道_110111004000,115.966479,39.72505,12910874.749217838,4799481.15394725
1268,向阳街道_110111004000,115.966394,39.72894,12910865.666149044,4800042.2892002035
1269,向阳街道_110111004000,115.966224,39.728511,12910846.61427325,4799980.494471394
1270,向阳街道_110111004000,115.966198,39.728062,12910843.634043032,4799915.7351703495
1271,向阳街道_110111004000,115.966138,39.727616,12910836.869463468,4799851.481171804
1272,向阳街道_110111004000,115.966206,39.726461,12910844.351603484,4799684.828108635
1273,向阳街道_110111004000,115.966203,39.726911,12910844.064303068,4799749.734576954
1274,向阳街道_110111004000,115.966121,39.727355,12910834.936232444,4799813.824467871
1275,向阳街道_110111004000,115.966591,39.69435,12910884.159258896,4795054.19443997
1276,向阳街道_110111004000,115.96687,39.694745,12910915.378014108,4795110.961610222
1277,向阳街道_110111004000,115.966591,39.69435,12910884.159258896,4795054.19443997
1278,向阳街道_110111004000,115.966021,39.733042,12910824.346194094,4800634.217252684
1279,向阳街道_110111004000,115.966601,39.733089,12910889.25217729,4800640.582763679
1280,向阳街道_110111004000,115.967183,39.7331,12910954.385951085,4800641.825086137
1281,向阳街道_110111004000,115.96773,39.73325,12911015.585811801,4800663.172178736
1282,向阳街道_110111004000,115.966021,39.733042,12910824.346194094,4800634.217252684
1283,向阳街道_110111004000,115.966007,39.733492,12910822.838555718,4800699.098358832
1284,向阳街道_110111004000,115.966646,39.694271,12910890.301343216,4795042.802387912
1285,向阳街道_110111004000,115.966206,39.726461,12910844.351603484,4799684.828108635
1286,向阳街道_110111004000,115.966712,39.694051,12910897.680087615,4795011.031504115
1287,向阳街道_110111004000,115.966477,39.719221,12910873.783196792,4798640.424395323
1288,向阳街道_110111004000,115.966895,39.718908,12910920.51281865,4798595.026664443
1289,向阳街道_110111004000,115.966394,39.72894,12910865.666149044,4800042.2892002035
1290,向阳街道_110111004000,115.966972,39.728998,12910930.354696317,4800050.2880467195
1291,向阳街道_110111004000,115.967555,39.729,12910995.571175287,4800050.266516667
1292,向阳街道_110111004000,115.966521,39.721357,12910879.013211295,4798948.444345564
1293,向阳街道_110111004000,115.966622,39.720918,12910890.255404303,4798885.086881958
1294,向阳街道_110111004000,115.966656,39.722376,12910894.22878079,4799095.323333716
1295,向阳街道_110111004000,115.966982,39.693685,12910927.875616373,4794958.11124881
1296,向阳街道_110111004000,115.96743,39.693399,12910977.983873483,4794916.690865637
1297,向阳街道_110111004000,115.96785,39.69309,12911024.968616446,4794871.879899813
1298,向阳街道_110111004000,115.966982,39.694908,12910927.943879742,4795134.390172341
1299,向阳街道_110111004000,115.967118,39.695345,12910943.152341904,4795197.324739241
1300,向阳街道_110111004000,115.969111,39.722471,12911168.851258812,4799107.960824415
1301,向阳街道_110111004000,115.968528,39.722465,12911103.635590686,4799107.237304479
1302,向阳街道_110111004000,115.967946,39.722448,12911038.558120329,4799105.03209693
1303,向阳街道_110111004000,115.967364,39.722421,12910973.437530285,4799101.4241612265
1304,向阳街道_110111004000,115.966783,39.72238,12910908.424820088,4799095.824973192
1305,向阳街道_110111004000,115.966674,39.725808,12910896.652228512,4799590.343228255
1306,向阳街道_110111004000,115.966669,39.725358,12910896.030375753,4799525.44551771
1307,向阳街道_110111004000,115.966664,39.724907,12910895.43828796,4799460.391313443
1308,向阳街道_110111004000,115.966664,39.724851,12910895.432379348,4799452.293187346
1309,向阳街道_110111004000,115.966574,39.738192,12910886.676555296,4801376.6371439705
1310,向阳街道_110111004000,115.966791,39.725807,12910909.758021992,4799590.111314188
1311,向阳街道_110111004000,115.966786,39.725356,12910909.105836568,4799525.096425623
1312,向阳街道_110111004000,115.966781,39.724906,12910908.513851983,4799460.159514205
1313,向阳街道_110111004000,115.966779,39.724728,12910908.283237325,4799434.497742725
1314,向阳街道_110111004000,115.966894,39.726327,12910921.343138665,4799665.04755971
1315,向阳街道_110111004000,115.966908,39.725805,12910922.832998741,4799589.764057124
1316,向阳街道_110111004000,115.966903,39.725354,12910922.211070787,4799524.709708683
1317,向阳街道_110111004000,115.966898,39.724904,12910921.58889466,4799459.851227314
1318,向阳街道_110111004000,115.966896,39.724728,12910921.358458674,4799434.424155942
1319,向阳街道_110111004000,115.96701,39.726321,12910934.296230387,4799664.11604411
1320,向阳街道_110111004000,115.967024,39.725803,12910935.816715196,4799589.419322972
1321,向阳街道_110111004000,115.967019,39.725353,12910935.194919031,4799524.521385425
1322,向阳街道_110111004000,115.967014,39.724902,12910934.572619807,4799459.4672212275
1323,向阳街道_110111004000,115.967012,39.724727,12910934.34233368,4799434.235728879
1324,向阳街道_110111004000,115.96701,39.726321,12910934.296230387,4799664.11604411
1325,向阳街道_110111004000,115.966836,39.73839,12910916.017746462,4801405.057354604
1326,向阳街道_110111004000,115.967049,39.738809,12910939.860726846,4801465.378853349
1327,向阳街道_110111004000,115.96726,39.739228,12910963.519703606,4801525.707666354
1328,向阳街道_110111004000,115.967708,39.739496,12911013.615401773,4801564.162926137
1329,向阳街道_110111004000,115.968238,39.739669,12911072.926372366,4801588.847148217
1330,向阳街道_110111004000,115.96882,39.739689,12911138.027263487,4801591.544380323
1331,向阳街道_110111004000,115.969403,39.739709,12911203.237160733,4801594.246971982
1332,向阳街道_110111004000,115.969973,39.73962,12911266.947760152,4801581.314054682
1333,向阳街道_110111004000,115.970499,39.739449,12911325.714614844,4801556.552525077
1334,向阳街道_110111004000,115.967141,39.725801,12910948.890734984,4799589.036455667
1335,向阳街道_110111004000,115.967136,39.725351,12910948.299221236,4799524.138191766
1336,向阳街道_110111004000,115.967131,39.7249,12910947.676969217,4799459.123072969
1337,向阳街道_110111004000,115.967246,39.724727,12910960.520714443,4799434.0970972795
1338,向阳街道_110111004000,115.967224,39.718699,12910957.321793808,4798564.675526902
1339,向阳街道_110111004000,115.967612,39.719035,12911000.753748138,4798612.954935968
1340,向阳街道_110111004000,115.967986,39.71938,12911042.638410065,4798662.517268668
1341,向阳街道_110111004000,115.967224,39.718699,12910957.321793808,4798564.675526902
1342,向阳街道_110111004000,115.967234,39.718667,12910958.438015824,4798560.089517945
1343,向阳街道_110111004000,115.967244,39.726322,12910960.505028682,4799664.172713665
1344,向阳街道_110111004000,115.967258,39.7258,12910961.964427408,4799588.850964868
1345,向阳街道_110111004000,115.967253,39.725349,12910961.372819126,4799523.796142064
1346,向阳街道_110111004000,115.967247,39.724899,12910960.659883037,4799458.899050976
1347,向阳街道_110111004000,115.967246,39.724727,12910960.520714443,4799434.0970972795
1348,向阳街道_110111004000,115.967346,39.726332,12910971.915015098,4799665.567019259
1349,向阳街道_110111004000,115.967374,39.725812,12910974.978474755,4799590.54557184
1350,向阳街道_110111004000,115.967369,39.725361,12910974.356606733,4799525.451789982
1351,向阳街道_110111004000,115.967364,39.724911,12910973.734489573,4799460.553875333
1352,向阳街道_110111004000,115.967362,39.724726,12910973.503170043,4799433.874806583
1353,向阳街道_110111004000,115.967357,39.726334,12910973.125685148,4799665.831155816
1354,向阳街道_110111004000,115.967477,39.718367,12910985.580043536,4798516.684812742
1355,向阳街道_110111004000,115.967913,39.718068,12911034.324088931,4798473.321863633
1356,向阳街道_110111004000,115.968348,39.717769,12911082.940570762,4798430.024031416
1357,向阳街道_110111004000,115.967438,39.725881,12910982.127284246,4799600.425610965
1358,向阳街道_110111004000,115.967491,39.725819,12910988.052044498,4799591.49815019
1359,向阳街道_110111004000,115.967486,39.725369,12910987.460577236,4799526.560534793
1360,向阳街道_110111004000,115.967481,39.724918,12910986.808112724,4799461.50629039
1361,向阳街道_110111004000,115.967761,39.724725,12911018.13660166,4799433.566549332
1362,向阳街道_110111004000,115.967962,39.692998,12911037.492680643,4794858.573865148
1363,向阳街道_110111004000,115.968502,39.692829,12911097.87500862,4794834.0307188025
1364,向阳街道_110111004000,115.967608,39.728999,12911001.532242421,4800050.063769936
1365,向阳街道_110111004000,115.96819,39.729018,12911066.61652808,4800052.55623555
1366,向阳街道_110111004000,115.968772,39.729,12911131.715722643,4800049.772510979
1367,向阳街道_110111004000,115.967761,39.724725,12911018.13660166,4799433.566549332
1368,向阳街道_110111004000,115.967816,39.725173,12911024.326035593,4799498.14892848
1369,向阳街道_110111004000,115.967761,39.724725,12911018.13660166,4799433.566549332
1370,向阳街道_110111004000,115.967753,39.727433,12911017.537525315,4799824.164974163
1371,向阳街道_110111004000,115.967759,39.726983,12911018.15806277,4799759.256344479
1372,向阳街道_110111004000,115.967769,39.726533,12911019.23198838,4799694.344510166
1373,向阳街道_110111004000,115.968531,39.717655,12911103.378182827,4798413.534652884
1374,向阳街道_110111004000,115.968163,39.717306,12911062.196090622,4798363.315970575
1375,向阳街道_110111004000,115.967775,39.726466,12911019.890831664,4799684.676379517
1376,向阳街道_110111004000,115.969104,39.733207,12911169.231935218,4800656.497063736
1377,向阳街道_110111004000,115.968524,39.733235,12911104.38211119,4800660.701103453
1378,向阳街道_110111004000,115.967941,39.733257,12911039.187177574,4800664.091496694
1379,向阳街道_110111004000,115.967891,39.724718,12911032.689723842,4799432.47973688
1380,向阳街道_110111004000,115.968096,39.724044,12911055.552237716,4799335.174899842
1381,向阳街道_110111004000,115.967954,39.724481,12911039.684209738,4799398.275188937
1382,向阳街道_110111004000,115.968215,39.725892,12911069.058315152,4799601.692926551
1383,向阳街道_110111004000,115.968218,39.726342,12911069.43737001,4799666.593650174
1384,向阳街道_110111004000,115.968218,39.726353,12911069.438480068,4799668.158524876
1385,向阳街道_110111004000,115.968298,39.72585,12911078.311513225,4799595.564546819
1386,向阳街道_110111004000,115.968333,39.7254,12911082.197691217,4799530.673741764
1387,向阳街道_110111004000,115.968383,39.724952,12911087.74751011,4799466.045843384
1388,向阳街道_110111004000,115.968335,39.726342,12911082.53704037,4799666.541794395
1389,向阳街道_110111004000,115.968413,39.724764,12911091.055449063,4799438.912099806
1390,向阳街道_110111004000,115.969259,39.71762,12911184.800358942,4798408.256454392
1391,向阳街道_110111004000,115.968677,39.717648,12911119.71249403,4798412.449577076
1392,向阳街道_110111004000,115.968415,39.725849,12911091.441024445,4799595.396357138
1393,向阳街道_110111004000,115.968447,39.725399,12911094.964009851,4799530.469425143
1394,向阳街道_110111004000,115.968478,39.724949,12911098.36556327,4799465.543694272
1395,向阳街道_110111004000,115.968568,39.72634,12911108.613716422,4799666.131353479
1396,向阳街道_110111004000,115.968513,39.724767,12911102.24882892,4799439.306283705
1397,向阳街道_110111004000,115.968513,39.724767,12911102.24882892,4799439.306283705
1398,向阳街道_110111004000,115.9693,39.72419,12911190.17710254,4799355.823922396
1399,向阳街道_110111004000,115.968874,39.724498,12911142.603243662,4799400.354800857
1400,向阳街道_110111004000,115.968532,39.725846,12911104.509326946,4799594.917420932
1401,向阳街道_110111004000,115.968564,39.725396,12911108.032178832,4799529.990985587
1402,向阳街道_110111004000,115.968595,39.724946,12911111.433603264,4799465.065734899
1403,向阳街道_110111004000,115.968685,39.726347,12911121.68242089,4799667.102298499
1404,向阳街道_110111004000,115.968603,39.72484,12911112.329978293,4799449.802439184
1405,向阳街道_110111004000,115.968649,39.725841,12911117.576953882,4799594.16644457
1406,向阳街道_110111004000,115.968681,39.725391,12911121.099670317,4799529.240507803
1407,向阳街道_110111004000,115.968712,39.724941,12911124.531213034,4799464.315544742
1408,向阳街道_110111004000,115.970451,39.726593,12911319.150661197,4799702.222995759
1409,向阳街道_110111004000,115.969877,39.726513,12911254.98341448,4799690.748000788
1410,向阳街道_110111004000,115.969303,39.726433,12911190.80440731,4799679.356645196
1411,向阳街道_110111004000,115.968729,39.726353,12911126.58341851,4799667.970564958
1412,向阳街道_110111004000,115.970311,39.726399,12911303.4701248,4799674.241869826
1413,向阳街道_110111004000,115.969936,39.726054,12911261.528225217,4799624.560013582
1414,向阳街道_110111004000,115.969561,39.725709,12911219.550778016,4799574.858339985
1415,向阳街道_110111004000,115.969186,39.725364,12911177.598323336,4799525.175577545
1416,向阳街道_110111004000,115.968818,39.725015,12911136.396463934,4799474.959319725
1417,向阳街道_110111004000,115.969111,39.722471,12911168.851258812,4799107.960824415
1418,向阳街道_110111004000,115.969279,39.722899,12911187.709764136,4799169.621978756
1419,向阳街道_110111004000,115.969278,39.723349,12911187.637350308,4799234.523903928
1420,向阳街道_110111004000,115.969111,39.722471,12911168.851258812,4799107.960824415
1421,向阳街道_110111004000,115.969282,39.722043,12911187.919170154,4799046.156225368
1422,向阳街道_110111004000,115.969391,39.721603,12911200.02883642,4798982.673404068
1423,向阳街道_110111004000,115.969259,39.71762,12911184.800358942,4798408.256454392
1424,向阳街道_110111004000,115.969377,39.718061,12911198.065419909,4798471.825969021
1425,向阳街道_110111004000,115.969284,39.717601,12911187.58068704,4798405.502171788
1426,向阳街道_110111004000,115.969284,39.717601,12911187.58068704,4798405.502171788
1427,向阳街道_110111004000,115.969863,39.717653,12911252.332236663,4798412.897863744
1428,向阳街道_110111004000,115.970438,39.717603,12911316.607031498,4798405.593401645
1429,向阳街道_110111004000,115.970992,39.717463,12911378.502301455,4798385.355436208
1430,向阳街道_110111004000,115.969284,39.717601,12911187.58068704,4798405.502171788
1431,向阳街道_110111004000,115.969446,39.717169,12911205.648558019,4798343.163562227
1432,向阳街道_110111004000,115.969104,39.733207,12911169.231935218,4800656.497063736
1433,向阳街道_110111004000,115.969476,39.733553,12911210.905191304,4800706.296675037
1434,向阳街道_110111004000,115.96934,39.73152,12911195.46278973,4800413.075858884
1435,向阳街道_110111004000,115.96933,39.73197,12911194.412983807,4800477.987207508
1436,向阳街道_110111004000,115.969328,39.73242,12911194.239511052,4800542.932793355
1437,向阳街道_110111004000,115.969293,39.732868,12911190.345118096,4800607.508502136
1438,向阳街道_110111004000,115.9693,39.72419,12911190.17710254,4799355.823922396
1439,向阳街道_110111004000,115.969279,39.72374,12911187.800315015,4799290.935496957
1440,向阳街道_110111004000,115.973622,39.72406,12911673.148934875,4799337.270220356
1441,向阳街道_110111004000,115.97306,39.724166,12911610.396281311,4799352.3812808925
1442,向阳街道_110111004000,115.972477,39.724164,12911545.264022259,4799351.970134048
1443,向阳街道_110111004000,115.971894,39.724162,12911480.149551077,4799351.566677449
1444,向阳街道_110111004000,115.971311,39.72416,12911414.962306587,4799351.249250867
1445,向阳街道_110111004000,115.970728,39.724158,12911349.823220406,4799351.017320317
1446,向阳街道_110111004000,115.970145,39.724156,12911284.671828272,4799350.753455078
1447,向阳街道_110111004000,115.969563,39.724181,12911219.601867892,4799354.4472510675
1448,向阳街道_110111004000,115.969413,39.721564,12911202.534684628,4798977.026051669
1449,向阳街道_110111004000,115.969982,39.721482,12911266.119839026,4798965.1126392055
1450,向阳街道_110111004000,115.970565,39.721482,12911331.27442067,4798965.050607799
1451,向阳街道_110111004000,115.971148,39.721483,12911396.416832939,4798965.113051729
1452,向阳街道_110111004000,115.97173,39.721486,12911461.48678228,4798965.5742135905
1453,向阳街道_110111004000,115.969334,39.728928,12911194.529564023,4800039.222269469
1454,向阳街道_110111004000,115.969338,39.729378,12911195.02598812,4800104.124084561
1455,向阳街道_110111004000,115.969338,39.729828,12911195.06812964,4800168.989512649
1456,向阳街道_110111004000,115.969337,39.730279,12911195.019057743,4800234.090339598
1457,向阳街道_110111004000,115.969336,39.730729,12911194.969202735,4800298.995689181
1458,向阳街道_110111004000,115.969338,39.731179,12911195.22109925,4800363.899446064
1459,向阳街道_110111004000,115.969334,39.728928,12911194.529564023,4800039.222269469
1460,向阳街道_110111004000,115.969789,39.728646,12911245.398064658,4799998.4157972615
1461,向阳街道_110111004000,115.970232,39.728353,12911294.86712994,4799956.117986575
1462,向阳街道_110111004000,115.969519,39.717049,12911213.800614562,4798325.828632281
1463,向阳街道_110111004000,115.970867,39.731399,12911366.193550397,4800395.401337725
1464,向阳街道_110111004000,115.970307,39.731519,12911303.595509311,4800412.759351846
1465,向阳街道_110111004000,115.969724,39.731517,12911238.405174308,4800412.567985
1466,向阳街道_110111004000,115.969636,39.718466,12911227.081616811,4798530.188056049
1467,向阳街道_110111004000,115.970004,39.716813,12911267.99335756,4798291.711557461
1468,向阳街道_110111004000,115.969873,39.719436,12911253.678403726,4798670.017224679
1469,向阳街道_110111004000,115.969865,39.718986,12911252.721493425,4798605.123755181
1470,向阳街道_110111004000,115.969873,39.719436,12911253.678403726,4798670.017224679
1471,向阳街道_110111004000,115.96988,39.719887,12911254.51444643,4798735.068200718
1472,向阳街道_110111004000,115.969698,39.734862,12911235.833610028,4800895.050415028
1473,向阳街道_110111004000,115.969737,39.733856,12911240.111279443,4800749.919227463
1474,向阳街道_110111004000,115.969612,39.734293,12911226.144086177,4800812.981651316
1475,向阳街道_110111004000,115.969647,39.734741,12911230.10926228,4800877.6315741455
1476,向阳街道_110111004000,115.969737,39.733856,12911240.111279443,4800749.919227463
1477,向阳街道_110111004000,115.970313,39.7338,12911304.480459582,4800741.782067886
1478,向阳街道_110111004000,115.970004,39.716813,12911267.99335756,4798291.711557461
1479,向阳街道_110111004000,115.970427,39.717123,12911315.344789483,4798336.360392806
1480,向阳街道_110111004000,115.970004,39.716813,12911267.99335756,4798291.711557461
1481,向阳街道_110111004000,115.970848,39.715941,12911362.253841404,4798165.850924195
1482,向阳街道_110111004000,115.970322,39.71575,12911303.433476198,4798138.36277184
1483,向阳街道_110111004000,115.971862,39.735447,12911477.770044697,4800979.309183526
1484,向阳街道_110111004000,115.971348,39.735233,12911420.304298153,4800948.413422823
1485,向阳街道_110111004000,115.970827,39.735034,12911362.043939488,4800919.747849279
1486,向阳街道_110111004000,115.970249,39.734995,12911297.436259793,4800914.1527695125
1487,向阳街道_110111004000,115.970102,39.716761,12911278.963402042,4798284.187226455
1488,向阳街道_110111004000,115.970526,39.717071,12911326.404027991,4798328.841277087
1489,向阳街道_110111004000,115.970102,39.716761,12911278.963402042,4798284.187226455
1490,向阳街道_110111004000,115.970523,39.716451,12911325.94284829,4798239.420823854
1491,向阳街道_110111004000,115.970799,39.716055,12911356.764675643,4798182.301353931
1492,向阳街道_110111004000,115.970311,39.726399,12911303.4701248,4799674.241869826
1493,向阳街道_110111004000,115.970259,39.725951,12911297.619194932,4799609.638997265
1494,向阳街道_110111004000,115.970311,39.726399,12911303.4701248,4799674.241869826
1495,向阳街道_110111004000,115.970451,39.726593,12911319.150661197,4799702.222995759
1496,向阳街道_110111004000,115.970458,39.727044,12911319.98236781,4799767.279482368
1497,向阳街道_110111004000,115.970464,39.727494,12911320.72278104,4799832.180092661
1498,向阳街道_110111004000,115.970549,39.727939,12911330.259673271,4799896.378287335
1499,向阳街道_110111004000,115.970451,39.726593,12911319.150661197,4799702.222995759
1500,向阳街道_110111004000,115.970456,39.726579,12911319.693407323,4799700.186295532
1501,向阳街道_110111004000,115.970873,39.726264,12911366.306638513,4799654.732002924
1502,向阳街道_110111004000,115.970921,39.728256,12911371.886698425,4799942.024465889
1503,向阳街道_110111004000,115.971687,39.715577,12911455.940138172,4798113.395095491
1504,向阳街道_110111004000,115.971179,39.715798,12911399.205755208,4798145.218685237
1505,向阳街道_110111004000,115.971768,39.71532,12911464.947916053,4798076.326740094
1506,向阳街道_110111004000,115.971217,39.715171,12911403.369011883,4798054.806104297
1507,向阳街道_110111004000,115.97104,39.717452,12911383.851253739,4798383.771190994
1508,向阳街道_110111004000,115.972189,39.717335,12911512.247565694,4798366.967055589
1509,向阳街道_110111004000,115.971618,39.717412,12911448.465418426,4798378.00527606
1510,向阳街道_110111004000,115.970867,39.731399,12911366.193550397,4800395.401337725
1511,向阳街道_110111004000,115.971366,39.731632,12911421.950472988,4800429.007047735
1512,向阳街道_110111004000,115.97184,39.731893,12911474.95069261,4800466.683767705
1513,向阳街道_110111004000,115.972245,39.732217,12911520.212919112,4800513.445096984
1514,向阳街道_110111004000,115.970867,39.731399,12911366.193550397,4800395.401337725
1515,向阳街道_110111004000,115.970873,39.730949,12911366.818721285,4800330.493778336
1516,向阳街道_110111004000,115.970884,39.730499,12911367.987306684,4800265.5842697555
1517,向阳街道_110111004000,115.970892,39.730049,12911368.822711326,4800200.676171908
1518,向阳街道_110111004000,115.970881,39.729599,12911367.541504567,4800135.776272068
1519,向阳街道_110111004000,115.970895,39.729149,12911369.070887225,4800070.86582061
1520,向阳街道_110111004000,115.970908,39.728699,12911370.478726259,4800005.916893017
1521,向阳街道_110111004000,115.972522,39.728485,12911550.811259676,4799975.249781501
1522,向阳街道_110111004000,115.971941,39.728451,12911485.875991914,4799970.225742164
1523,向阳街道_110111004000,115.971373,39.728352,12911422.403072204,4799955.893139918
1524,向阳街道_110111004000,115.971347,39.739659,12911420.519830236,4801586.8294654675
1525,向阳街道_110111004000,115.970914,39.739358,12911372.112679603,4801543.415825282
1526,向阳街道_110111004000,115.970843,39.739308,12911364.160016915,4801536.247467585
1527,向阳街道_110111004000,115.971114,39.738913,12911394.426218627,4801479.211004206
1528,向阳街道_110111004000,115.971473,39.738559,12911434.543979544,4801428.139481844
1529,向阳街道_110111004000,115.971845,39.738213,12911476.077216815,4801378.294721321
1530,向阳街道_110111004000,115.972233,39.737877,12911519.388113227,4801329.873553912
1531,向阳街道_110111004000,115.972636,39.737552,12911564.385486858,4801283.074348518
1532,向阳街道_110111004000,115.972972,39.737187,12911601.882479608,4801230.516288924
1533,向阳街道_110111004000,115.973101,39.73675,12911616.262920203,4801167.510816201
1534,向阳街道_110111004000,115.973087,39.7363,12911614.662134195,4801102.606777661
1535,向阳街道_110111004000,115.971241,39.725544,12911407.3101071,4799550.872424142
1536,向阳街道_110111004000,115.97111,39.725982,12911392.726407215,4799614.065363542
1537,向阳街道_110111004000,115.971082,39.726108,12911389.626082782,4799632.228924765
1538,向阳街道_110111004000,115.971547,39.725836,12911441.553061599,4799593.014737286
1539,向阳街道_110111004000,115.971862,39.735447,12911477.770044697,4800979.309183526
1540,向阳街道_110111004000,115.971334,39.735638,12911418.761713086,4801006.829752601
1541,向阳街道_110111004000,115.971321,39.732617,12911417.017210709,4800571.079353602
1542,向阳街道_110111004000,115.971837,39.732407,12911474.66200466,4800540.822941283
1543,向阳街道_110111004000,115.972101,39.716021,12911502.25280744,4798177.427263292
1544,向阳街道_110111004000,115.971761,39.715656,12911464.229023308,4798124.794067337
1545,向阳街道_110111004000,115.971687,39.715577,12911455.940138172,4798113.395095491
1546,向阳街道_110111004000,115.971707,39.714451,12911458.024206253,4797951.017955651
1547,向阳街道_110111004000,115.971691,39.714901,12911456.289799891,4798015.91618196
1548,向阳街道_110111004000,115.971347,39.739659,12911420.519830236,4801586.8294654675
1549,向阳街道_110111004000,115.971791,39.739952,12911470.158313822,4801629.130855421
1550,向阳街道_110111004000,115.972234,39.740244,12911519.668268077,4801671.30310487
1551,向阳街道_110111004000,115.972677,39.740536,12911569.170609755,4801713.463255932
1552,向阳街道_110111004000,115.973121,39.740828,12911618.786184762,4801755.728600181
1553,向阳街道_110111004000,115.973468,39.74118,12911657.554109573,4801806.595347681
1554,向阳街道_110111004000,115.973713,39.741588,12911684.933989808,4801865.541090161
1555,向阳街道_110111004000,115.971768,39.715321,12911464.948034005,4798076.483205361
1556,向阳街道_110111004000,115.972316,39.715166,12911526.150495023,4798054.157774157
1557,向阳街道_110111004000,115.971748,39.721486,12911463.481285216,4798965.568698656
1558,向阳街道_110111004000,115.972223,39.721748,12911516.571734639,4799003.423595617
1559,向阳街道_110111004000,115.971844,39.725655,12911474.716120992,4799566.905318217
1560,向阳街道_110111004000,115.972406,39.725552,12911537.494308935,4799552.130063994
1561,向阳街道_110111004000,115.972987,39.725567,12911602.417998437,4799554.452728861
1562,向阳街道_110111004000,115.972101,39.716021,12911502.25280744,4798177.427263292
1563,向阳街道_110111004000,115.972571,39.735441,12911556.963345159,4800978.550044478
1564,向阳街道_110111004000,115.972396,39.735012,12911537.35452744,4800916.653888859
1565,向阳街道_110111004000,115.972265,39.734573,12911522.698259292,4800853.303819029
1566,向阳街道_110111004000,115.972052,39.734154,12911498.856339652,4800792.833542296
1567,向阳街道_110111004000,115.97188,39.733884,12911479.616983635,4800753.875358485
1568,向阳街道_110111004000,115.971862,39.735447,12911477.770044697,4800979.309183526
1569,向阳街道_110111004000,115.972445,39.735449,12911542.88504417,4800979.710192706
1570,向阳街道_110111004000,115.973812,39.717404,12911693.529716145,4798377.348655303
1571,向阳街道_110111004000,115.973233,39.717436,12911628.900473375,4798381.766290673
1572,向阳街道_110111004000,115.972651,39.717434,12911563.862506246,4798381.341156145
1573,向阳街道_110111004000,115.972189,39.717335,12911512.247565694,4798366.967055589
1574,向阳街道_110111004000,115.972215,39.716885,12911515.098655928,4798302.064729387
1575,向阳街道_110111004000,115.97224,39.716446,12911517.830204595,4798238.767037751
1576,向阳街道_110111004000,115.972308,39.732247,12911527.285673574,4800517.812022453
1577,向阳街道_110111004000,115.972387,39.732693,12911536.14550221,4800582.151830398
1578,向阳街道_110111004000,115.972347,39.733141,12911531.710683793,4800646.753136138
1579,向阳街道_110111004000,115.972113,39.733549,12911505.637815831,4800705.611744679
1580,向阳街道_110111004000,115.97228,39.722396,12911523.017753744,4799096.907334228
1581,向阳街道_110111004000,115.972329,39.721949,12911528.468043322,4799032.464863808
1582,向阳街道_110111004000,115.9735,39.721835,12911659.257219221,4799016.29265709
1583,向阳街道_110111004000,115.972932,39.721751,12911595.78680631,4799004.029658805
1584,向阳街道_110111004000,115.972268,39.73224,12911522.813355492,4800516.804158354
1585,向阳街道_110111004000,115.972308,39.732247,12911527.285673574,4800517.812022453
1586,向阳街道_110111004000,115.972843,39.732068,12911587.028900005,4800492.082808453
1587,向阳街道_110111004000,115.973412,39.731974,12911650.544291586,4800478.675063672
1588,向阳街道_110111004000,115.973994,39.731989,12911715.567077437,4800481.078683675
1589,向阳街道_110111004000,115.974554,39.732112,12911778.080726963,4800499.059255845
1590,向阳街道_110111004000,115.974006,39.714225,12911714.804979967,4797918.977940084
1591,向阳街道_110111004000,115.973535,39.714491,12911662.2557521,4797957.129206525
1592,向阳街道_110111004000,115.97306,39.714751,12911609.244792107,4797994.490400653
1593,向阳街道_110111004000,115.972553,39.728509,12911554.25772665,4799978.686424223
1594,向阳街道_110111004000,115.973519,39.72769,12911662.076918168,4799860.802498228
1595,向阳街道_110111004000,115.97311,39.728011,12911616.409528878,4799906.965153423
1596,向阳街道_110111004000,115.972706,39.728336,12911571.340347592,4799953.736930417
1597,向阳街道_110111004000,115.972553,39.728509,12911554.25772665,4799978.686424223
1598,向阳街道_110111004000,115.973132,39.728564,12911618.940382527,4799986.772218744
1599,向阳街道_110111004000,115.972553,39.728509,12911554.25772665,4799978.686424223
1600,向阳街道_110111004000,115.972944,39.728843,12911597.973381482,4800026.936297877
1601,向阳街道_110111004000,115.973412,39.729109,12911650.254529048,4800065.459459734
1602,向阳街道_110111004000,115.973966,39.72924,12911712.14792587,4800084.568366058
1603,向阳街道_110111004000,115.974549,39.729245,12911777.248635957,4800085.490861735
1604,向阳街道_110111004000,115.975131,39.729247,12911842.21593398,4800086.108100015
1605,向阳街道_110111004000,115.975709,39.729207,12911906.714140706,4800080.668018227
1606,向阳街道_110111004000,115.972971,39.735565,12911601.652211785,4800996.519295417
1607,向阳街道_110111004000,115.972971,39.735565,12911601.652211785,4800996.519295417
1608,向阳街道_110111004000,115.973036,39.736013,12911608.933400214,4801061.181548276
1609,向阳街道_110111004000,115.972971,39.735565,12911601.652211785,4800996.519295417
1610,向阳街道_110111004000,115.973139,39.735508,12911620.406584676,4800988.3602415
1611,向阳街道_110111004000,115.97355,39.735827,12911666.339115487,4801034.489952613
1612,向阳街道_110111004000,115.973956,39.736151,12911711.691617133,4801081.425534269
1613,向阳街道_110111004000,115.974954,39.734164,12911822.958808422,4800795.26513244
1614,向阳街道_110111004000,115.974577,39.734508,12911780.900385048,4800844.675826085
1615,向阳街道_110111004000,115.974199,39.734852,12911738.745680302,4800894.106180398
1616,向阳街道_110111004000,115.973784,39.735167,12911692.415623369,4800939.371002612
1617,向阳街道_110111004000,115.973312,39.735431,12911639.732353844,4800977.309483231
1618,向阳街道_110111004000,115.973622,39.72406,12911673.148934875,4799337.270220356
1619,向阳街道_110111004000,115.973617,39.72361,12911672.526965702,4799272.329646863
1620,向阳街道_110111004000,115.973616,39.723159,12911672.387869537,4799207.310919013
1621,向阳街道_110111004000,115.973625,39.722709,12911673.335842794,4799142.409385535
1622,向阳街道_110111004000,115.973636,39.722259,12911674.464786157,4799077.508110521
1623,向阳街道_110111004000,115.973483,39.725684,12911657.796007982,4799571.4588891985
1624,向阳街道_110111004000,115.973959,39.725945,12911711.005643524,4799609.272705815
1625,向阳街道_110111004000,115.974876,39.727574,12911813.556378763,4799844.647357206
1626,向阳街道_110111004000,115.974325,39.727706,12911752.0693005,4799863.41760664
1627,向阳街道_110111004000,115.973742,39.727697,12911686.963376852,4799861.926372591
1628,向阳街道_110111004000,115.973519,39.72769,12911662.076918168,4799860.802498228
1629,向阳街道_110111004000,115.973485,39.727241,12911658.226686131,4799796.057518268
1630,向阳街道_110111004000,115.973597,39.726802,12911670.65587857,4799732.751288128
1631,向阳街道_110111004000,115.973889,39.726414,12911703.23243546,4799676.875705376
1632,向阳街道_110111004000,115.973622,39.72406,12911673.148934875,4799337.270220356
1633,向阳街道_110111004000,115.974165,39.724223,12911733.77476271,4799360.971328289
1634,向阳街道_110111004000,115.974676,39.724438,12911790.86302152,4799392.26049625
1635,向阳街道_110111004000,115.975105,39.724741,12911838.804484455,4799436.169666664
1636,向阳街道_110111004000,115.973812,39.717404,12911693.529716145,4798377.348655303
1637,向阳街道_110111004000,115.97446,39.714025,12911765.481239617,4797890.283196577
1638,向阳街道_110111004000,115.974203,39.717176,12911737.170053115,4798344.608798914
1639,向阳街道_110111004000,115.974768,39.717277,12911800.253737837,4798359.434916744
1640,向阳街道_110111004000,115.97535,39.717289,12911865.247766452,4798361.5169632705
1641,向阳街道_110111004000,115.974203,39.717176,12911737.170053115,4798344.608798914
1642,向阳街道_110111004000,115.974159,39.716734,12911732.199529499,4798280.885286524
1643,向阳街道_110111004000,115.974279,39.716437,12911745.573630208,4798238.095098056
1644,向阳街道_110111004000,115.974764,39.71619,12911799.711577281,4798202.652468566
1645,向阳街道_110111004000,115.97526,39.715953,12911855.01934159,4798168.769940177
1646,向阳街道_110111004000,115.975773,39.715742,12911912.25254678,4798138.68093448
1647,向阳街道_110111004000,115.97489,39.726704,12911815.038812319,4799719.184559026
1648,向阳街道_110111004000,115.974495,39.726372,12911770.896475738,4799671.103714928
1649,向阳街道_110111004000,115.974222,39.726086,12911740.371270917,4799629.737520153
1650,向阳街道_110111004000,115.974459,39.725852,12911766.797174525,4799596.065615347
1651,向阳街道_110111004000,115.974496,39.741896,12911772.395221373,4801910.273014334
1652,向阳街道_110111004000,115.97429,39.724881,12911747.82479228,4799455.9620724
1653,向阳街道_110111004000,115.974866,39.724951,12911812.170821998,4799466.338045525
1654,向阳街道_110111004000,115.97446,39.714025,12911765.481239617,4797890.283196577
1655,向阳街道_110111004000,115.97461,39.713763,12911782.209921699,4797852.587623341
1656,向阳街道_110111004000,115.975053,39.713477,12911831.629507953,4797811.569070662
1657,向阳街道_110111004000,115.974459,39.725852,12911766.797174525,4799596.065615347
1658,向阳街道_110111004000,115.975026,39.725957,12911830.116751267,4799611.500509473
1659,向阳街道_110111004000,115.974459,39.725852,12911766.797174525,4799596.065615347
1660,向阳街道_110111004000,115.9747,39.725442,12911793.685681539,4799537.051173639
1661,向阳街道_110111004000,115.974941,39.725032,12911820.541546255,4799478.044951009
1662,向阳街道_110111004000,115.974665,39.742136,12911791.274402224,4801944.989487679
1663,向阳街道_110111004000,115.974546,39.742573,12911778.006450228,4802007.967460699
1664,向阳街道_110111004000,115.974496,39.741896,12911772.395221373,4801910.273014334
1665,向阳街道_110111004000,115.974496,39.741896,12911772.395221373,4801910.273014334
1666,向阳街道_110111004000,115.974954,39.734164,12911822.958808422,4800795.26513244
1667,向阳街道_110111004000,115.974906,39.733715,12911817.550232477,4800730.431477444
1668,向阳街道_110111004000,115.974851,39.733267,12911811.355950464,4800665.792968157
1669,向阳街道_110111004000,115.974807,39.732818,12911806.428654278,4800601.03887916
1670,向阳街道_110111004000,115.974767,39.732368,12911801.923054991,4800536.089934456
1671,向阳街道_110111004000,115.974759,39.732171,12911801.000702757,4800507.685661511
1672,向阳街道_110111004000,115.975083,39.713464,12911834.948679969,4797809.696034746
1673,向阳街道_110111004000,115.975647,39.713355,12911897.900967423,4797794.314651148
1674,向阳街道_110111004000,115.974876,39.727574,12911813.556378763,4799844.647357206
1675,向阳街道_110111004000,115.974876,39.727574,12911813.556378763,4799844.647357206
1676,向阳街道_110111004000,115.974889,39.727124,12911814.960463246,4799779.7453286275
1677,向阳街道_110111004000,115.97489,39.726704,12911815.038812319,4799719.184559026
1678,向阳街道_110111004000,115.975473,39.726721,12911880.090952616,4799721.981062033
1679,向阳街道_110111004000,115.976055,39.726717,12911945.068201458,4799721.772746353
1680,向阳街道_110111004000,115.976638,39.726707,12912010.123027006,4799720.750674664
1681,向阳街道_110111004000,115.975156,39.724786,12911844.51445763,4799442.711083532
1682,向阳街道_110111004000,115.974812,39.741594,12911807.64602106,4801866.915011136
1683,向阳街道_110111004000,115.975266,39.741312,12911858.31835276,4801826.45013589
1684,向阳街道_110111004000,115.975728,39.741039,12911909.858384395,4801787.3849202925
1685,向阳街道_110111004000,115.976109,39.740698,12911952.364439037,4801738.465729711
1686,向阳街道_110111004000,115.976521,39.740379,12911998.335511414,4801692.746333686
1687,向阳街道_110111004000,115.977055,39.733273,12912057.338769061,4800668.155221184
1688,向阳街道_110111004000,115.97681,39.733678,12912030.038427569,4800726.388145431
1689,向阳街道_110111004000,115.976353,39.733951,12911979.069190081,4800765.386261831
1690,向阳街道_110111004000,115.975801,39.734093,12911917.48910485,4800785.531082109
1691,向阳街道_110111004000,115.975222,39.734146,12911852.872427573,4800792.8024684535
1692,向阳街道_110111004000,115.975156,39.724786,12911844.51445763,4799442.711083532
1693,向阳街道_110111004000,115.97518,39.732079,12911847.96520627,4800494.637240559
1694,向阳街道_110111004000,115.975714,39.73226,12911907.622511867,4800521.075765642
1695,向阳街道_110111004000,115.976252,39.732433,12911967.660879338,4800546.381068089
1696,向阳街道_110111004000,115.97518,39.732079,12911847.96520627,4800494.637240559
1697,向阳街道_110111004000,115.975561,39.73174,12911890.495404271,4800445.963399048
1698,向阳街道_110111004000,115.97688,39.727723,12912037.227294298,4799867.512364075
1699,向阳街道_110111004000,115.976296,39.727714,12911972.054964345,4799865.737053873
1700,向阳街道_110111004000,115.975713,39.727714,12911907.022055287,4799865.339090206
1701,向阳街道_110111004000,115.975712,39.717377,12911905.64148157,4798374.425229032
1702,向阳街道_110111004000,115.976109,39.717706,12911950.01020267,4798422.137634868
1703,向阳街道_110111004000,115.976293,39.713577,12911970.01994743,4797826.801308159
1704,向阳街道_110111004000,115.975813,39.713326,12911916.428673191,4797790.2477753265
1705,向阳街道_110111004000,115.975855,39.713032,12911921.075397,4797747.897255412
1706,向阳街道_110111004000,115.975674,39.724747,12911902.31173857,4799437.376174827
1707,向阳街道_110111004000,115.975855,39.713032,12911921.075397,4797747.897255412
1708,向阳街道_110111004000,115.976831,39.712,12912029.836670903,4797599.777132638
1709,向阳街道_110111004000,115.976445,39.712338,12911986.817064753,4797648.215122967
1710,向阳街道_110111004000,115.97609,39.712693,12911947.264417676,4797699.147085256
1711,向阳街道_110111004000,115.975913,39.731537,12911929.742334759,4800416.90235178
1712,向阳街道_110111004000,115.976489,39.731604,12911994.022489196,4800426.977431063
1713,向阳街道_110111004000,115.976118,39.717713,12911951.006807638,4798423.157331977
1714,向阳街道_110111004000,115.978672,39.715272,12912235.578810599,4798073.359462671
1715,向阳街道_110111004000,115.978101,39.715178,12912171.912474697,4798059.245431129
1716,向阳街道_110111004000,115.977532,39.715217,12912108.42987729,4798064.304081522
1717,向阳街道_110111004000,115.976979,39.715358,12912046.787006425,4798084.160445575
1718,向阳街道_110111004000,115.976433,39.715514,12911985.858904528,4798106.212208725
1719,向阳街道_110111004000,115.976171,39.72535,12911957.843070978,4799524.67231763
1720,向阳街道_110111004000,115.976205,39.7249,12911961.598109996,4799459.819332774
1721,向阳街道_110111004000,115.976942,39.724794,12912043.775744557,4799445.0605723355
1722,向阳街道_110111004000,115.976363,39.724743,12911979.203720132,4799437.257486104
1723,向阳街道_110111004000,115.976224,39.729029,12911964.186423661,4800055.379947473
1724,向阳街道_110111004000,115.976799,39.728961,12912028.327079045,4800045.996018296
1725,向阳街道_110111004000,115.977303,39.717871,12912083.20246539,4798446.878868943
1726,向阳街道_110111004000,115.976734,39.717773,12912019.748832481,4798432.284324427
1727,向阳街道_110111004000,115.976293,39.732447,12911972.218482856,4800548.428418298
1728,向阳街道_110111004000,115.976511,39.732862,12911996.603189582,4800608.438193273
1729,向阳街道_110111004000,115.976917,39.733183,12912041.915631453,4800655.069855068
1730,向阳街道_110111004000,115.976293,39.732447,12911972.218482856,4800548.428418298
1731,向阳街道_110111004000,115.976799,39.732222,12912028.651975892,4800516.370354003
1732,向阳街道_110111004000,115.97731,39.732005,12912085.64982107,4800485.484278934
1733,向阳街道_110111004000,115.977525,39.727239,12912109.12483246,4799798.200520377
1734,向阳街道_110111004000,115.97713,39.726908,12912065.051050287,4799750.132945767
1735,向阳街道_110111004000,115.97687,39.726707,12912035.97898793,4799720.917674115
1736,向阳街道_110111004000,115.976942,39.724794,12912043.775744557,4799445.0605723355
1737,向阳街道_110111004000,115.976935,39.725245,12912043.099041866,4799510.116859007
1738,向阳街道_110111004000,115.976928,39.725695,12912042.361502893,4799575.016703641
1739,向阳街道_110111004000,115.976904,39.726145,12912039.722896809,4799639.870785312
1740,向阳街道_110111004000,115.976857,39.728948,12912034.782112475,4800044.140887401
1741,向阳街道_110111004000,115.977428,39.72903,12912098.501659332,4800056.478842302
1742,向阳街道_110111004000,115.978003,39.728966,12912162.64787635,4800047.776378531
1743,向阳街道_110111004000,115.978532,39.728779,12912221.614312122,4800021.328030218
1744,向阳街道_110111004000,115.979,39.728511,12912273.749337612,4799983.138337494
1745,向阳街道_110111004000,115.976857,39.728948,12912034.782112475,4800044.140887401
1746,向阳街道_110111004000,115.976872,39.728498,12912036.398127472,4799979.281696227
1747,向阳街道_110111004000,115.97688,39.727723,12912037.227294298,4799867.512364075
1748,向阳街道_110111004000,115.976871,39.728173,12912036.27596206,4799932.37359899
1749,向阳街道_110111004000,115.977525,39.727239,12912109.12483246,4799798.200520377
1750,向阳街道_110111004000,115.977107,39.727553,12912062.551519152,4799843.155411452
1751,向阳街道_110111004000,115.977562,39.724745,12912112.970176682,4799438.533210259
1752,向阳街道_110111004000,115.976982,39.724788,12912048.270209342,4799444.255599813
1753,向阳街道_110111004000,115.977014,39.731659,12912052.58788148,4800435.315916973
1754,向阳街道_110111004000,115.977055,39.733273,12912057.338769061,4800668.155221184
1755,向阳街道_110111004000,115.977529,39.733016,12912110.167070556,4800631.517479361
1756,向阳街道_110111004000,115.977799,39.732622,12912140.265838651,4800574.925880074
1757,向阳街道_110111004000,115.977861,39.732176,12912147.104777863,4800510.640090126
1758,向阳街道_110111004000,115.977296,39.71881,12912082.552174581,4798582.303263505
1759,向阳街道_110111004000,115.977303,39.718361,12912083.286778789,4798517.526366851
1760,向阳街道_110111004000,115.977303,39.71791,12912083.236945605,4798452.511986395
1761,向阳街道_110111004000,115.977303,39.717871,12912083.20246539,4798446.878868943
1762,向阳街道_110111004000,115.979067,39.716529,12912279.795251327,4798255.047530979
1763,向阳街道_110111004000,115.978484,39.716527,12912214.79001644,4798254.156048512
1764,向阳街道_110111004000,115.977901,39.716528,12912149.772989076,4798253.7014610935
1765,向阳街道_110111004000,115.977759,39.713666,12912133.568541894,4797840.833174051
1766,向阳街道_110111004000,115.977642,39.714107,12912120.586085722,4797904.33573306
1767,向阳街道_110111004000,115.977382,39.731975,12912093.701177472,4800481.2142391605
1768,向阳街道_110111004000,115.977558,39.720191,12912111.963693151,4798781.699669393
1769,向阳街道_110111004000,115.978141,39.720183,12912176.956893407,4798781.0708830245
1770,向阳街道_110111004000,115.977562,39.724745,12912112.970176682,4799438.533210259
1771,向阳街道_110111004000,115.978667,39.724103,12912236.124065012,4799347.030373698
1772,向阳街道_110111004000,115.978187,39.724359,12912182.62778481,4799383.472219922
1773,向阳街道_110111004000,115.977722,39.72463,12912130.78359783,4799422.104576235
1774,向阳街道_110111004000,115.977525,39.727239,12912109.12483246,4799798.200520377
1775,向阳街道_110111004000,115.97902,39.717733,12912274.71225349,4798428.657899244
1776,向阳街道_110111004000,115.978437,39.717727,12912209.70557333,4798427.144169976
1777,向阳街道_110111004000,115.977854,39.717737,12912144.658432998,4798428.023122964
1778,向阳街道_110111004000,115.97883,39.728293,12912254.764239019,4799951.568945139
1779,向阳街道_110111004000,115.978247,39.728293,12912189.754355056,4799950.930520779
1780,向阳街道_110111004000,115.977794,39.724923,12912138.837181006,4799464.432139778
1781,向阳街道_110111004000,115.978216,39.725232,12912185.946465896,4799509.420628654
1782,向阳街道_110111004000,115.978169,39.731996,12912181.469597017,4800484.98987407
1783,向阳街道_110111004000,115.97883,39.728293,12912254.764239019,4799951.568945139
1784,向阳街道_110111004000,115.978521,39.727911,12912220.263437625,4799896.129205232
1785,向阳街道_110111004000,115.978217,39.727526,12912186.361675194,4799840.275254931
1786,向阳街道_110111004000,115.97874,39.72677,12912244.572629865,4799731.76020051
1787,向阳街道_110111004000,115.978318,39.727081,12912197.565221658,4799776.2134465
1788,向阳街道_110111004000,115.97857,39.73186,12912226.177185813,4800465.748274577
1789,向阳街道_110111004000,115.978542,39.720172,12912221.705620617,4798779.941927446
1790,向阳街道_110111004000,115.978696,39.720603,12912238.909727285,4798842.200542133
1791,向阳街道_110111004000,115.978687,39.721053,12912237.964273237,4798907.133392544
1792,向阳街道_110111004000,115.978683,39.721503,12912237.591532461,4798972.030812441
1793,向阳街道_110111004000,115.97868,39.721953,12912237.278933126,4799036.928938766
1794,向阳街道_110111004000,115.978676,39.722403,12912236.935993353,4799101.827236493
1795,向阳街道_110111004000,115.978673,39.722853,12912236.653140822,4799166.726215806
1796,向阳街道_110111004000,115.978669,39.723303,12912236.249438673,4799231.624821024
1797,向阳街道_110111004000,115.97866,39.723753,12912235.302764187,4799296.559733097
1798,向阳街道_110111004000,115.979172,39.719464,12912291.846671132,4798678.49634053
1799,向阳街道_110111004000,115.978827,39.719826,12912253.41702964,4798730.287633056
1800,向阳街道_110111004000,115.978711,39.71538,12912239.962513462,4798088.953078605
1801,向阳街道_110111004000,115.979188,39.716244,12912293.239885483,4798214.098820494
1802,向阳街道_110111004000,115.978877,39.715864,12912258.527767127,4798158.963816491
1803,向阳街道_110111004000,115.978723,39.715432,12912241.294834891,4798096.471148384
1804,向阳街道_110111004000,115.979314,39.715381,12912307.193755798,4798089.759450221
1805,向阳街道_110111004000,115.978731,39.71538,12912242.163550762,4798088.965900607
1806,向阳街道_110111004000,115.980578,39.724304,12912449.163813293,4799378.272263982
1807,向阳街道_110111004000,115.980016,39.724193,12912386.498614296,4799361.554256684
1808,向阳街道_110111004000,115.979433,39.724188,12912321.512554215,4799360.119525418
1809,向阳街道_110111004000,115.978856,39.724136,12912257.172867099,4799351.965933926
1810,向阳街道_110111004000,115.97857,39.73186,12912226.177185813,4800465.748274577
1811,向阳街道_110111004000,115.979089,39.731661,12912284.018225357,4800437.65062607
1812,向阳街道_110111004000,115.979481,39.731328,12912327.670447621,4800390.048230059
1813,向阳街道_110111004000,115.979857,39.730984,12912369.5376547,4800340.888545994
1814,向阳街道_110111004000,115.980233,39.73064,12912411.429645976,4800291.708665945
1815,向阳街道_110111004000,115.980598,39.73029,12912452.080355125,4800241.715847271
1816,向阳街道_110111004000,115.979022,39.728496,12912276.189938564,4799981.040809247
1817,向阳街道_110111004000,115.979245,39.717912,12912299.784456087,4798454.712341406
1818,向阳街道_110111004000,115.97902,39.717733,12912274.71225349,4798428.657899244
1819,向阳街道_110111004000,115.97904,39.717283,12912276.89360043,4798363.814442328
1820,向阳街道_110111004000,115.979059,39.716833,12912278.954378236,4798298.892522167
1821,向阳街道_110111004000,115.979067,39.716529,12912279.795251327,4798255.047530979
1822,向阳街道_110111004000,115.979175,39.716409,12912291.810952013,4798237.911857477
1823,向阳街道_110111004000,115.979744,39.716511,12912355.245615305,4798253.280209367
1824,向阳街道_110111004000,115.979188,39.716244,12912293.239885483,4798214.098820494
1825,向阳街道_110111004000,115.979836,39.715659,12912365.400318343,4798130.486940883
1826,向阳街道_110111004000,115.979483,39.716015,12912326.103460053,4798181.417357069
1827,向阳街道_110111004000,115.979022,39.728496,12912276.189938564,4799981.040809247
1828,向阳街道_110111004000,115.979172,39.719464,12912291.846671132,4798678.49634053
1829,向阳街道_110111004000,115.97972,39.719618,12912352.966288554,4798701.320616057
1830,向阳街道_110111004000,115.979172,39.719464,12912291.846671132,4798678.49634053
1831,向阳街道_110111004000,115.97903,39.719028,12912275.97090964,4798615.415614361
1832,向阳街道_110111004000,115.979048,39.718579,12912277.911030825,4798550.686754549
1833,向阳街道_110111004000,115.979185,39.718142,12912293.147476027,4798487.802606187
1834,向阳街道_110111004000,115.979245,39.717912,12912299.784456087,4798454.712341406
1835,向阳街道_110111004000,115.979245,39.717912,12912299.784456087,4798454.712341406
1836,向阳街道_110111004000,115.979978,39.718343,12912381.549217114,4798517.747230156
1837,向阳街道_110111004000,115.9795,39.718085,12912328.230377756,4798479.974857937
1838,向阳街道_110111004000,115.979257,39.717908,12912301.140612228,4798454.173455495
1839,向阳街道_110111004000,115.979835,39.717969,12912365.563793864,4798463.609546619
1840,向阳街道_110111004000,115.979257,39.717908,12912301.140612228,4798454.173455495
1841,向阳街道_110111004000,115.979747,39.717665,12912355.734382449,4798419.688689689
1842,向阳街道_110111004000,115.98054,39.729306,12912445.510083271,4800099.687411482
1843,向阳街道_110111004000,115.980086,39.729024,12912394.884734346,4800058.452524621
1844,向阳街道_110111004000,115.979666,39.728712,12912348.016882386,4800012.928329164
1845,向阳街道_110111004000,115.979662,39.728373,12912347.53195097,4799964.022094976
1846,向阳街道_110111004000,115.979662,39.728373,12912347.53195097,4799964.022094976
1847,向阳街道_110111004000,115.979708,39.728351,12912352.65397806,4799960.928078515
1848,向阳街道_110111004000,115.980271,39.728469,12912415.445362879,4799978.642074863
1849,向阳街道_110111004000,115.979708,39.728351,12912352.65397806,4799960.928078515
1850,向阳街道_110111004000,115.980109,39.728024,12912397.319554957,4799914.226902703
1851,向阳街道_110111004000,115.980408,39.727639,12912430.612728609,4799859.085065671
1852,向阳街道_110111004000,115.980535,39.727203,12912444.732556535,4799796.366875206
1853,向阳街道_110111004000,115.980547,39.726752,12912446.0129884,4799731.317476216
1854,向阳街道_110111004000,115.980559,39.726302,12912447.293054357,4799666.42480335
1855,向阳街道_110111004000,115.980567,39.725852,12912448.15079934,4799601.5289938245
1856,向阳街道_110111004000,115.980566,39.725402,12912447.953444507,4799536.624969147
1857,向阳街道_110111004000,115.980564,39.724952,12912447.695429085,4799471.720714804
1858,向阳街道_110111004000,115.980573,39.724502,12912448.642394869,4799406.826396278
1859,向阳街道_110111004000,115.97991,39.719679,12912374.162058946,4798710.351811863
1860,向阳街道_110111004000,115.98004,39.719676,12912388.628608122,4798710.066577699
1861,向阳街道_110111004000,115.980622,39.719672,12912453.480866201,4798710.216691029
1862,向阳街道_110111004000,115.980578,39.724304,12912449.163813293,4799378.272263982
1863,向阳街道_110111004000,115.981139,39.72419,12912511.673730113,4799362.59892211
1864,向阳街道_110111004000,115.981722,39.724192,12912576.625214145,4799363.693648343
1865,向阳街道_110111004000,115.982305,39.724193,12912641.595334403,4799364.753637766
1866,向阳街道_110111004000,115.982888,39.724196,12912706.52423686,4799366.090685814
1867,向阳街道_110111004000,115.98347,39.724198,12912771.321492817,4799367.311870178
1868,向阳街道_110111004000,115.984054,39.724201,12912836.348800357,4799368.733580314
1869,向阳街道_110111004000,115.984629,39.724254,12912900.377441235,4799377.420980244
1870,向阳街道_110111004000,115.980631,39.73025,12912455.752939556,4800235.955369228
1871,向阳街道_110111004000,115.980657,39.729801,12912458.574175201,4800171.269502101
1872,向阳街道_110111004000,115.980569,39.729359,12912448.739421813,4800107.381273708
1873,向阳街道_110111004000,115.980746,39.719656,12912467.340171782,4798708.099979282
1874,向阳街道_110111004000,115.981328,39.719635,12912532.17645479,4798705.878100327
1875,向阳街道_110111004000,115.982064,39.719593,12912614.167777976,4798700.892448047
1876,向阳街道_110111004000,115.981487,39.719634,12912549.890463501,4798705.959238444
1877,向阳街道_110111004000,115.982333,39.719573,12912644.133847427,4798698.411692771
1878,向阳街道_110111004000,115.982333,39.719573,12912644.133847427,4798698.411692771
1879,向阳街道_110111004000,115.982724,39.719288,12912687.619871957,4798657.940303615
1880,向阳街道_110111004000,115.982756,39.718842,12912691.154119764,4798593.666776348
1881,向阳街道_110111004000,115.982618,39.718405,12912675.717262339,4798530.407875973
1882,向阳街道_110111004000,115.984811,39.728011,12912921.077891087,4799919.632736949
1883,向阳街道_110111004000,115.984815,39.727561,12912921.454819873,4799854.734202519
1884,向阳街道_110111004000,115.984819,39.727111,12912921.831232786,4799789.835868758
1885,向阳街道_110111004000,115.984824,39.72666,12912922.357552115,4799724.822302584
1886,向阳街道_110111004000,115.984828,39.72621,12912922.733007208,4799659.92440439
1887,向阳街道_110111004000,115.984832,39.72576,12912923.138117831,4799595.027124985
1888,向阳街道_110111004000,115.984837,39.725309,12912923.663084028,4799529.975144211
1889,向阳街道_110111004000,115.984843,39.724859,12912924.278060798,4799465.08106363
1890,向阳街道_110111004000,115.98482,39.724409,12912921.642315833,4799400.145705796
1891,向阳街道_110111004000,115.985527,39.724175,12913000.311160484,4799367.691669041
1892,向阳街道_110111004000,115.98496,39.724265,12912937.216513976,4799379.6116417525
1893,向阳街道_110111004000,115.971328,39.714132,12911415.648902265,4797904.99019783
1894,向阳街道_110111004000,115.971701,39.713836,12911457.29338886,4797862.305946111
1895,向阳街道_110111004000,115.972077,39.713494,12911499.2604622,4797813.0298241265
1896,向阳街道_110111004000,115.971639,39.713254,12911450.310981145,4797778.345736628
1897,向阳街道_110111004000,115.971946,39.712913,12911484.543664968,4797729.203422306
1898,向阳街道_110111004000,115.971726,39.712651,12911459.948203411,4797691.405689226
1899,向阳街道_110111004000,115.971148,39.712712,12911395.338276008,4797700.174405807
1900,向阳街道_110111004000,115.970969,39.71242,12911375.328015536,4797658.081170225
1901,向阳街道_110111004000,115.970874,39.712034,12911364.647678887,4797602.42295051
1902,向阳街道_110111004000,115.970296,39.711972,12911300.067586325,4797593.500933283
1903,向阳街道_110111004000,115.969717,39.711929,12911235.296104984,4797587.441360568
1904,向阳街道_110111004000,115.969138,39.711872,12911170.57163589,4797579.314553511
1905,向阳街道_110111004000,115.968634,39.712,12911114.233784717,4797597.931350338
1906,向阳街道_110111004000,115.968457,39.712429,12911094.464174107,4797659.90185647
1907,向阳街道_110111004000,115.968283,39.712859,12911075.056910282,4797721.952777542
1908,向阳街道_110111004000,115.968116,39.71329,12911056.435686685,4797784.19819192
1909,向阳街道_110111004000,115.96797,39.713726,12911040.14402047,4797847.09571502
1910,向阳街道_110111004000,115.967869,39.71416,12911028.934979156,4797909.7631225735
1911,向阳街道_110111004000,115.968391,39.714358,12911087.317499984,4797938.097650173
1912,向阳街道_110111004000,115.968664,39.714645,12911117.871593675,4797979.396490639
1913,向阳街道_110111004000,115.968461,39.715012,12911095.22333908,4798032.392076954
1914,向阳街道_110111004000,115.967884,39.715072,12911030.697463067,4798041.258149604
1915,向阳街道_110111004000,115.967352,39.715183,12910971.21936691,4798057.520187681
1916,向阳街道_110111004000,115.967147,39.715604,12910948.325863456,4798118.337409913
1917,向阳街道_110111004000,115.967165,39.715934,12910950.389586572,4798165.964731321
1918,向阳街道_110111004000,115.967742,39.715984,12911014.94176637,4798172.847331302
1919,向阳街道_110111004000,115.968223,39.715931,12911068.73127243,4798165.022924028
1920,向阳街道_110111004000,115.968659,39.715836,12911117.486657439,4798151.1202067025
1921,向阳街道_110111004000,115.968856,39.715743,12911139.497576665,4798137.641025282
1922,向阳街道_110111004000,115.969235,39.715496,12911181.845295362,4798101.945807798
1923,向阳街道_110111004000,115.969592,39.71514,12911221.726632869,4798050.519293983
1924,向阳街道_110111004000,115.96995,39.714785,12911261.694371639,4797999.227173437
1925,向阳街道_110111004000,115.970308,39.714429,12911301.687860148,4797947.874334514
1926,向阳街道_110111004000,115.970666,39.714073,12911341.676854078,4797896.4610140445
1927,向阳街道_110111004000,115.971179,39.714111,12911398.992871515,4797901.916938857
1928,向阳街道_110111004000,115.974083,39.718417,12911723.930265075,4798523.570652958
1929,向阳街道_110111004000,115.97453,39.718607,12911773.862710845,4798551.130325172
1930,向阳街道_110111004000,115.974966,39.718627,12911822.531396555,4798554.26713046
1931,向阳街道_110111004000,115.975321,39.718983,12911862.20525251,4798605.804376829
1932,向阳街道_110111004000,115.975478,39.719415,12911879.78973918,4798668.190580769
1933,向阳街道_110111004000,115.975877,39.71958,12911924.32486747,4798692.264185042
1934,向阳街道_110111004000,115.976255,39.719737,12911966.529817987,4798715.179603154
1935,向阳街道_110111004000,115.976321,39.720185,12911973.941937642,4798779.786428172
1936,向阳街道_110111004000,115.97598,39.720379,12911935.911102979,4798807.576225753
1937,向阳街道_110111004000,115.975684,39.720658,12911902.925570082,4798847.597898781
1938,向阳街道_110111004000,115.975632,39.721107,12911897.180198371,4798912.3288844805
1939,向阳街道_110111004000,115.975092,39.721097,12911836.90156299,4798910.543364258
1940,向阳街道_110111004000,115.974511,39.721049,12911772.049114121,4798903.357352914
1941,向阳街道_110111004000,115.974337,39.721373,12911752.640210291,4798950.016542575
1942,向阳街道_110111004000,115.974249,39.721236,12911742.811930032,4798930.218051103
1943,向阳街道_110111004000,115.974289,39.720787,12911747.201207504,4798865.47650816
1944,向阳街道_110111004000,115.974291,39.720337,12911747.393175956,4798800.57735188
1945,向阳街道_110111004000,115.973991,39.720062,12911713.87531172,4798760.747104702
1946,向阳街道_110111004000,115.973408,39.72007,12911648.764015537,4798761.747503373
1947,向阳街道_110111004000,115.972834,39.720043,12911584.633259615,4798757.66887729
1948,向阳街道_110111004000,115.972588,39.719778,12911557.14285495,4798719.375147451
1949,向阳街道_110111004000,115.972028,39.719902,12911494.582916358,4798737.186184802
1950,向阳街道_110111004000,115.971466,39.720024,12911431.799759084,4798754.728123708
1951,向阳街道_110111004000,115.971299,39.719609,12911413.075880917,4798694.857473384
1952,向阳街道_110111004000,115.971145,39.719175,12911395.799683392,4798632.247603059
1953,向阳街道_110111004000,115.970992,39.71874,12911378.64345797,4798569.562692315
1954,向阳街道_110111004000,115.971324,39.718436,12911415.726757772,4798525.699219126
1955,向阳街道_110111004000,115.971794,39.718172,12911468.222679969,4798487.636777876
1956,向阳街道_110111004000,115.972265,39.717907,12911520.801140364,4798449.487306119
1957,向阳街道_110111004000,115.972603,39.71796,12911558.573201273,4798457.1605513
1958,向阳街道_110111004000,115.972785,39.718388,12911578.952135855,4798518.934960863
1959,向阳街道_110111004000,115.973339,39.718418,12911640.818969095,4798523.441651007
1960,向阳街道_110111004000,115.973922,39.718417,12911705.96275438,4798523.491863031
